00001     0.9950411745     0.0748283157    -0.0655269734   106.4908129391    -0.0793961719     0.9943734391    -0.0701263963   141.2511817798     0.0599108418     0.0749812426     0.9953835966   562.6911483005     0.0000000000     0.0000000000     0.0000000000     1.0000000000
00002     0.9846467690    -0.1072657719    -0.1377127242    20.0079389190     0.0852393260     0.9839248922    -0.1569269378   -37.4753245786     0.1523318665     0.1427790625     0.9779617282   490.3425571198     0.0000000000     0.0000000000     0.0000000000     1.0000000000
00003     0.9892428831     0.0783087880    -0.1235566748   -13.9443527665    -0.0840976866     0.9955573222    -0.0423461596   162.1477170936     0.1196916758     0.0522814675     0.9914335837   536.4686582275     0.0000000000     0.0000000000     0.0000000000     1.0000000000
00004     0.9974957009     0.0521938542    -0.0477297416   145.4594798587    -0.0578394639     0.9903709117    -0.1257777950    63.4080742620     0.0407053198     0.1282234724     0.9909095913   553.6072495131     0.0000000000     0.0000000000     0.0000000000     1.0000000000
00005     0.9915672918     0.0481191146    -0.1203281209   -61.7679519401    -0.0578099123     0.9952454917    -0.0783863843    95.7215230068     0.1159841365     0.0846815329     0.9896346387   517.3784010880     0.0000000000     0.0000000000     0.0000000000     1.0000000000
00006     0.9899288980     0.0894002235    -0.1097650993    41.1440768404    -0.0943910664     0.9946849180    -0.0411368496   177.1146951803     0.1055040452     0.0510834010     0.9931059272   556.1645676321     0.0000000000     0.0000000000     0.0000000000     1.0000000000
00007     0.9966675109    -0.0396443538    -0.0712895362   128.3934270779     0.0267120933     0.9843882922    -0.1739717051   -37.0763023568     0.0770735806     0.1714876536     0.9821668126   524.4926353303     0.0000000000     0.0000000000     0.0000000000     1.0000000000
00008     0.9803473060    -0.1041413670    -0.1675521868   -32.5840966995     0.0852315225     0.9895436078    -0.1163573630     9.4938991557     0.1779178103     0.0997898994     0.9789725373   481.0409563374     0.0000000000     0.0000000000     0.0000000000     1.0000000000
00009     0.9944938592     0.0066488868    -0.1045837288  -107.2798433576    -0.0185617257     0.9933816377    -0.1133507131    24.2245740586     0.1031378998     0.1146678426     0.9880353534   499.6621206648     0.0000000000     0.0000000000     0.0000000000     1.0000000000
00010     0.9901390953    -0.0792490457    -0.1155169281    71.1097936820     0.0574805726     0.9818238053    -0.1808811738   -59.1577187037     0.1277519303     0.1724575426     0.9766974149   504.1596736661     0.0000000000     0.0000000000     0.0000000000     1.0000000000
00011     0.9986426015     0.0092037188    -0.0512664225   153.0954946375    -0.0172829396     0.9870531680    -0.1594595357     5.2571444744     0.0491350640     0.1601291200     0.9858724108   540.9026940963     0.0000000000     0.0000000000     0.0000000000     1.0000000000
00012     0.9950170183    -0.0270558367    -0.0959641336  -157.5686614101     0.0115596620     0.9872919201    -0.1584961790   -42.4426541164     0.0990328605     0.1565970825     0.9826850189   478.8016472773     0.0000000000     0.0000000000     0.0000000000     1.0000000000
00013     0.9864169145    -0.0956302448    -0.1335534614  -271.2415212297     0.0734461566     0.9840304093    -0.1621413445   -52.5661647520     0.1469262838     0.1501299763     0.9776879141   440.8878017674     0.0000000000     0.0000000000     0.0000000000     1.0000000000
00014     0.9810170384    -0.1140016128    -0.1568732056  -316.2100649005     0.1005186979     0.9907303305    -0.0913750704    44.3283316020     0.1658359482     0.0738718106     0.9833826284   436.3300460060     0.0000000000     0.0000000000     0.0000000000     1.0000000000
00015     0.9896359751    -0.1033739922    -0.0996717340  -235.1835140132     0.1046727486     0.9944755325     0.0078759711   175.3073259866     0.0983069301    -0.0182272587     0.9949892032   451.8535298006     0.0000000000     0.0000000000     0.0000000000     1.0000000000
00016     0.9976573537    -0.0637181102    -0.0248959245   134.8856341898     0.0582833132     0.9822420511    -0.1783356620   -31.0160832821     0.0358170353     0.1764668677     0.9836547080   551.6850570148     0.0000000000     0.0000000000     0.0000000000     1.0000000000
00017     0.9849841963    -0.1071218635    -0.1353921685  -295.6950788396     0.1054680000     0.9942344052    -0.0193506689   134.0862179017     0.1366844319     0.0047805618     0.9906031053   443.6906039277     0.0000000000     0.0000000000     0.0000000000     1.0000000000
00018     0.9872741993    -0.1547695829    -0.0365517665    -4.1124375498     0.1508665269     0.9842184733    -0.0924839866    51.9336559254     0.0502886318     0.0857926158     0.9950430546   493.6225414591     0.0000000000     0.0000000000     0.0000000000     1.0000000000
00019     0.9911993480    -0.0714908535    -0.1114132418  -215.6710264779     0.0502186255     0.9817897915    -0.1832127044   -77.8554972245     0.1224824161     0.1760052932     0.9767395735   454.2402829054     0.0000000000     0.0000000000     0.0000000000     1.0000000000
00020     0.9894765764    -0.1269385556    -0.0694457184  -155.8009170403     0.1261662101     0.9918893445    -0.0154147891   151.9965164190     0.0708391992     0.0064908696     0.9974666293   464.6431963387     0.0000000000     0.0000000000     0.0000000000     1.0000000000
00021     0.9913387295    -0.1292232651    -0.0234280002   103.1921978870     0.1230366574     0.9762285007    -0.1784373709   -36.3733738009     0.0459293412     0.1740093738     0.9836723202   529.9409317876     0.0000000000     0.0000000000     0.0000000000     1.0000000000
00022     0.9884498873    -0.1490292119    -0.0275157086    53.4147948368     0.1433327694     0.9782962332    -0.1496402265    -7.3756124889     0.0492192791     0.1439679623     0.9883575711   509.1765092661     0.0000000000     0.0000000000     0.0000000000     1.0000000000
00023     0.9996026882    -0.0106762275    -0.0260860860   154.8412814207     0.0066270548     0.9885657547    -0.1506447172    11.7175786658     0.0273961286     0.1504119904     0.9882437378   568.6878876559     0.0000000000     0.0000000000     0.0000000000     1.0000000000
00024     0.9872403177    -0.1531580154    -0.0435795524   -70.3367625343     0.1514938491     0.9876789665    -0.0392412143   113.2692949765     0.0490527138     0.0321384747     0.9982789939   477.7995228054     0.0000000000     0.0000000000     0.0000000000     1.0000000000
00025     0.9910195226     0.0957302566    -0.0933596474    71.5368597205    -0.1018376912     0.9928040896    -0.0630009862   145.7417909465     0.0866567391     0.0719427382     0.9936371833   559.9989518151     0.0000000000     0.0000000000     0.0000000000     1.0000000000
00026     0.9990131771     0.0382053391    -0.0226500324   166.0737073972    -0.0404232760     0.9934064627    -0.1072826108    73.8530478905     0.0184019201     0.1080923304     0.9939705315   578.0083902902     0.0000000000     0.0000000000     0.0000000000     1.0000000000
00027     0.9960601750     0.0754451824    -0.0466063536   137.9044118088    -0.0787858107     0.9940986074    -0.0745704691   124.0057313331     0.0407053285     0.0779485938     0.9961260427   576.2705517458     0.0000000000     0.0000000000     0.0000000000     1.0000000000
00028     0.9875879116     0.0814778639    -0.1342813264    -3.2568043812    -0.0916801581     0.9932093883    -0.0716230378   130.9680337369     0.1275337819     0.0830449796     0.9883514890   533.6197089945     0.0000000000     0.0000000000     0.0000000000     1.0000000000
00029     0.9863747989     0.0602385903    -0.1530884333   -73.5043522937    -0.0750230738     0.9928631132    -0.0927058614    91.2273963897     0.1464113881     0.1029278903     0.9838544378   499.4162468978     0.0000000000     0.0000000000     0.0000000000     1.0000000000
00030     0.9900145838     0.0098194186    -0.1406225544  -128.5329061760    -0.0294731427     0.9899417117    -0.1383717506    29.2561673255     0.1378494020     0.1411346396     0.9803461408   459.4729095920     0.0000000000     0.0000000000     0.0000000000     1.0000000000
