# COLMAP_ID X Y Z
2688 219.363 -312.248 3934.38
2603 -101.744 156.408 857.816
2591 328.536 38.2148 763.35
2573 -138.255 -5.66934 1709.87
2571 398.523 -15.7092 1346.54
2568 373.004 -321.615 2852.53
2567 -71.0301 86.3124 152.875
2565 -44.6295 54.5573 147.696
2564 -260.197 202.266 782.968
2561 -55.7783 116.264 783.221
2560 -25.5359 51.7624 678.421
2543 -327.418 -186.46 1720.14
2533 -421.908 192.18 700.96
2495 1020.75 -363.017 2743.05
2460 372.504 -607.863 4055.48
2395 -67.1624 87.7341 152.807
2394 315.388 118.232 1171.87
2361 1035.26 -183.297 2881.71
2352 409.969 -284.89 2630.44
2345 -700.864 -271.213 3099.81
2344 528.807 -496.428 3467.64
2342 543.322 -518.589 3387.1
2341 526.148 -540.428 3436.7
2336 -135.972 -302.133 506.035
2334 390.942 -9.06487 772.547
2333 70.3637 -45.5008 1191.11
2328 -613.651 -231.154 2982.55
2326 533.177 -477.316 3533.41
2324 -859.035 -250.265 2936.68
2316 518.328 -436.491 3511.11
2314 593.989 -511.908 3351.2
2313 -731.667 -171.85 2073.12
2309 -420.943 -49.3941 1685.84
2308 10.7745 80.4286 1130.7
2307 -188.349 181.599 814.203
2305 248.02 85.0393 1417.58
2304 144.45 -143.297 469.011
2302 -202.749 -93.0254 1257.73
2299 -195.667 -331.694 428.888
2296 32.7094 74.2856 128.775
2293 -59.8614 143.914 707.868
2292 -53.2204 116.046 679.313
2289 -770.944 -130.353 1611.73
2287 -846.366 -358.383 2732.01
2281 11.7975 -273.152 565.499
2279 1.03802 52.3825 158.415
2277 344.421 -8.80922 808.768
2276 29.3438 -270.585 574.637
2275 205.788 -293.685 574.057
2274 -100.149 163.063 322.498
2270 -35.4871 123.921 730.624
2267 -140.153 65.6397 1047
2261 -138.992 65.2351 1158.3
2249 -368.302 181.003 763.554
2248 -528.36 130.752 655.339
2245 -335.888 138.494 812.413
2244 -38.9372 127.276 699.93
2237 -352.148 -148.079 1612.06
2233 50.1076 -313.158 507.397
2230 -106.43 209.162 518.294
2227 -536.154 174.133 650.943
2222 -246.278 75.9285 953.998
2219 -498.792 50.0616 1026.11
2216 -675.987 14.1478 1309.21
2214 340.24 -24.9117 1244.7
2209 103.794 -256.896 546.091
2206 139.441 -301.613 550.944
2201 -41.6732 69.9496 146.854
2200 -51.8642 60.6638 164.944
2199 -96.2327 36.6355 135.641
2198 -83.1246 142.774 791.383
2189 302.14 -42.6504 1131.35
2188 -137.456 -88.2637 1299.33
2185 -803.165 -290.346 3152.22
2182 219.042 -197.508 595.743
2177 -400.081 169.552 765.858
2175 -680.82 -155.538 1924.85
2170 -82.5806 130.494 159.56
2167 -130.332 188.597 901.367
2166 5.9854 62.1737 479.608
2165 -853.335 -278.315 3061.08
2157 -45.4645 -209.457 3164.34
2151 -60.154 140.294 150.82
2150 -672.305 -36.119 1490.29
2149 -38.0429 61.1936 146.059
2148 -286.912 167.487 795.212
2143 -755.917 -102.768 1503.46
2138 -1415.16 -587.203 4022.73
2136 -512.283 186.088 637.055
2135 -348.84 150.748 840.384
2132 -30.4578 69.2423 669.633
2127 -1333.95 -395.773 4062.52
2121 5.67445 66.3506 991.089
2115 414.964 -477.416 3445.94
2111 -115.639 241.176 587.33
2106 -334.085 171.17 758.321
2103 -489.407 44.4509 1082.46
2097 67.6319 -366.261 4166.48
2092 -60.724 146.9 152.916
2087 -493.38 153.715 715.997
2078 -147.329 -6.72779 1714.04
2076 313.575 -61.3073 1107.05
2070 1.04662 105.433 1459.47
2063 -60.4761 -218.949 3236.75
2060 517.524 -499.886 3564.92
2058 1064.25 -113.414 2867.33
2055 531.4 -490.091 3531.01
2054 580.158 -498.77 3374.07
2051 527.085 -506.796 3553.68
2048 -325.767 118.616 921.449
2042 -417.477 219.802 306.595
2039 24.4877 -290.807 566.862
2034 -54.9698 143.929 867.751
2028 -74.6805 51.3999 157.36
2027 -316.181 157.261 783.407
2023 142.674 -269.875 563.373
2021 -424.118 207.874 320.619
2014 -220.822 60.1372 1005.47
2011 -239.74 59.9776 1146.65
2009 -707.938 -48.25 1434.8
2003 -72.3741 67.4016 1063.81
1998 -618.429 -97.2073 1619.42
1993 -1333.33 -395.661 4060.55
1991 -374.502 218.878 273.516
1990 -119.764 245.654 572.982
1988 -410.125 188.838 612.482
1986 -512.88 50.5848 908.703
1982 -594.925 45.3933 1096.66
1976 532.602 -202.221 2298.44
1973 502.161 -388.04 3358.06
1972 262.732 -425.147 3173.88
1968 -489.203 197.343 570.225
1966 -477.87 186.949 562.377
1965 24.1215 77.6575 132.722
1964 -459.108 188.387 609.183
1959 -97.5037 49.7574 154.022
1953 -421.022 48.745 1026.05
1950 -676.546 2.92779 1403
1944 286.552 -450.538 3230.36
1943 547.638 -480.442 3504.57
1938 -51.7873 78.6794 152.135
1935 -99.1022 114.586 298.316
1934 -398.766 182.247 680.191
1930 -261.421 62.4576 994.94
1929 -415.034 55.1381 1108.23
1924 -13.7898 55.1191 1079.65
1920 408.88 -45.8719 1426.89
1915 -592.841 -252.422 3084.19
1906 553.161 -482.191 3407.61
1904 542.464 -501.513 3455.13
1903 56.4092 -290.905 567.566
1898 -299.018 59.5536 981.194
1896 -0.909852 67.1454 1152.23
1895 -72.9397 69.2456 1201.48
1893 -679.939 4.92735 1368.44
1890 -62.8436 -29.2027 1763.75
1886 -599.696 -132.221 1852.55
1885 -602.99 -132.079 1871.22
1884 -181.88 -135.346 1299.2
1879 540.191 -425.974 3442.55
1878 570.903 -438.709 3353.56
1877 602.946 -458.295 3401.85
1876 517.836 -478.902 3592.43
1874 580.19 -498.328 3372.55
1871 -226.286 225.901 546.569
1869 351.54 40.8363 761.885
1867 -327.191 -84.1888 1265.05
1862 -663.483 -239.549 2969.03
1861 -882.398 -271.149 3018.83
1859 501.374 -243.769 2268.4
1853 -424.637 -113.339 1545.99
1852 518.011 -457.999 3535.42
1851 517.143 -457.408 3528.5
1845 113.167 -70.0937 801.763
1844 271.131 129.21 1094.05
1836 345.019 58.0988 773.705
1824 124.356 -179.633 2221.72
1820 -310.514 -52.8088 897.556
1818 183.809 58.1198 1702.88
1816 155.087 249.742 75.4373
1810 141.757 245.322 90.2552
1809 176.66 221.229 80.3846
1805 -0.931388 68.6342 137.432
1803 -269.827 71.634 827.957
1800 269.995 -40.0503 1121.89
1796 216.764 -171.791 630.823
1791 -246.897 215.063 544.963
1781 -413.899 69.6624 903.495
1778 311.521 -42.6882 1044.95
1776 289.182 -129.431 996.806
1772 -16.5244 338.742 193.786
1770 146.133 255.145 86.2024
1767 154.3 239.056 73.2104
1766 166.807 238.945 72.3141
1763 -75.3495 180.818 154.672
1762 -291.103 248.867 562.507
1758 -21.662 32.8074 158.006
1756 -416.389 55.7227 954.102
1755 -143.58 -6.19914 1713.69
1754 -18.3248 339.186 190.029
1752 157.329 234.529 58.1261
1751 142.105 243.102 93.7336
1746 -170.439 205.103 872.746
1744 -386.82 169.652 764.96
1734 -220.28 -118.766 195.887
1733 7.83498 -693.958 3977.83
1732 148.039 249.714 87.9676
1730 -69.9694 224.379 133.057
1729 -93.6888 226.504 167.985
1725 -440.387 -35.4315 1135.64
1715 -286.699 -225.6 790.871
1713 -296.205 -224.334 875.184
1710 257.454 -225.928 1805.36
1709 -282.05 -209.889 830.57
1708 -282.05 -209.889 830.57
1707 -296.543 -209.467 809.081
1701 -184.87 -99.5969 -94.2668
1698 306.958 -92.3655 1113.96
1696 369.042 55.301 750.006
1692 -255.66 228.061 534.009
1691 -119.562 203.935 596.68
1690 -342.417 239.309 202.931
1688 -63.4982 53.5535 152.979
1687 -100.703 176.201 428.932
1686 -155.886 193.104 788.028
1683 -318.509 71.6404 922.474
1673 -53.7489 36.7931 148.807
1664 -120.136 233.619 290.846
1663 -241.158 246.499 553.403
1657 289.951 131.579 1078.64
1644 615.588 -579.275 3191.81
1643 -335.21 239.695 167.366
1637 -384.614 173.418 732.396
1635 176.003 81.2801 574.965
1633 -434.283 65.5988 864.27
1631 -73.3077 65.5338 1237.97
1628 394.442 71.9526 2059.88
1627 464.379 80.7265 2325.01
1626 299.181 -52.3162 1220.78
1623 -323.873 -201.836 1755.74
1620 -42.3884 330.826 182.115
1617 484.447 223.445 903.768
1612 402.641 89.8742 797.329
1611 84.3497 77.3002 1052.73
1606 270.599 -58.5974 487.434
1602 -573.069 -260.429 3193.21
1601 203.144 -170.067 666.559
1585 375.464 13.1977 2594.27
1580 604.958 -429.792 3337.03
1577 -299.899 -217.572 802.915
1574 -53.8201 67.349 1045.94
1572 -53.182 -35 464.502
1571 82.7079 -35.4651 1195.87
1570 -662.951 -10.615 1432.59
1568 -144.629 -73.2162 1228.94
1567 -168.082 -89.3562 1295.46
1564 496.568 -674.483 3909.5
1560 -96.4652 39.1854 217.243
1558 -425.59 44.9431 1153.11
1556 -283.567 225.703 450.809
1552 -676.386 110.377 1643.24
1551 329.892 25.6003 2363.21
1549 -58.5988 37.4252 672.437
1545 -100.62 127.877 158.35
1544 -256.783 242.464 540.589
1542 -702.321 -270.772 3110.15
1540 -352.336 228.709 254.085
1539 -370.8 222.957 231.851
1537 69.3338 -17.5416 876.046
1535 123.009 232.675 98.8379
1531 -322.453 241.184 384.243
1526 475.209 87.5964 2317.78
1525 -20.1319 -135.299 1586.88
1524 189.361 -237.136 710.011
1522 117.874 250.725 95.6066
1518 -90.7832 216.415 156.526
1514 -117.911 169.369 867.086
1510 228.067 -106.457 1546.92
1504 -334.586 224.015 204.181
1503 -340.357 221.082 226.449
1501 -348.97 233.223 335.62
1497 340.576 134.036 772.093
1495 -92.2523 47.7411 159.218
1494 -525.664 151.367 678.49
1491 -601.223 83.4147 939.906
1489 317.673 -0.414911 785.865
1486 87.9252 -29.2216 708.637
1483 -292.055 -242.361 840.324
1482 -277.909 303.542 137.834
1480 -320.359 249.244 183.557
1477 -343.424 219.534 340.661
1467 87.2967 -5.24823 754.058
1466 -656.25 -250.607 3028.62
1457 -348.888 231.464 236.016
1456 -361.448 227.358 221.146
1453 -276.96 233.881 517.495
1450 -59.2136 86.4417 151.764
1447 -500.029 116.736 664.586
1444 -582.681 81.2764 937.717
1442 485.493 53.6697 2345.89
1441 338.545 -29.8254 767.144
1440 466.334 38.7701 2339.32
1438 -119.938 -58.008 1802.21
1436 -322.952 -117.631 1673.57
1435 -646.008 -97.8889 1639.12
1433 464.677 -313.026 2710.41
1431 -333.322 245.999 172.386
1422 -73.0186 169.826 154.662
1421 -330.051 240.768 368.137
1420 -357.411 223.115 304.033
1418 40.4467 79.0555 122.936
1416 -441.536 194.741 616.864
1414 -369.532 169.699 674.512
1411 -40.8401 37.4375 155.078
1410 -507.306 138.383 654.932
1409 -508.78 140.751 706.056
1403 -72.9385 66.8329 1057.81
1402 -139.464 66.0778 1047.24
1400 -497.212 66.3798 875.764
1395 -490.241 52.4336 925.699
1393 -408.475 43.7063 1136.72
1380 130.295 250.498 88.1972
1379 130.288 250.467 88.1966
1378 -341.19 239.57 178.246
1377 -328.528 243.887 195.133
1374 -361.49 217.193 250.121
1372 -244.125 231.121 519.394
1368 -365.613 163.764 822.897
1360 -63.5254 71.0049 1197.45
1357 -448.919 51.6642 1124.23
1350 302.841 -135.525 1019.67
1342 -340.846 236.032 177.495
1336 -351.985 228.889 224.135
1335 -368.947 215.416 243.87
1329 -174.157 193.949 805.453
1328 -36.0912 59.8237 151.609
1324 99.3158 68.4349 557.625
1320 -599.844 90.6668 945.636
1319 -41.1306 32.7889 653.274
1318 -48.7738 60.2575 1070.24
1314 450.892 90.8357 2321.74
1312 -104.991 -22.603 1755.32
1311 -262.237 -88.6353 1252.88
1300 -367.778 217.798 251.701
1294 -35.0673 57.8903 146.675
1284 -717.204 -94.1172 1473.49
1282 -322.594 -142.989 1696.1
1280 561.841 -383.016 3376.68
1274 -353.997 -76.1205 1103.66
1273 362.667 30.2648 731.579
1272 -280.219 61.1206 1166.35
1266 -16.0934 67.2024 1151.93
1262 -89.5856 -19.7925 1735.71
1261 -311.357 258.477 296.637
1259 -81.2207 179.188 170.123
1253 -536.978 67.8303 888.873
1242 228.359 -220.365 1823.29
1236 -12.239 36.205 161.774
1233 -380.471 64.6752 1173.34
1232 -760.677 -102.352 1520.22
1229 -304.803 227.489 391.285
1228 -356.683 213.979 321.973
1226 -130.769 230.003 626.438
1222 224.855 -182.482 628.891
1221 -307.433 249.562 181.407
1218 -342.248 229.392 349.843
1213 -311.633 151.498 787.687
1211 -340.013 141.949 850.934
1210 -309.366 97.8443 930.005
1209 -521.078 98.6587 906.376
1201 -713.351 -80.0119 1479.45
1200 -745.147 -80.3372 1502.34
1191 -311.129 240.747 422.884
541 229.407 150.036 73.3453
534 -79.0829 218.051 155.392
532 -79.2181 152.126 157.493
527 -70.7465 101.984 158.068
526 -38.516 52.3009 146.463
524 -85.8918 38.3567 162.097
523 332.2 -85.3618 1022.02
515 -68.7981 116.479 154.763
513 470.97 123.704 478.137
507 -140.098 -46.7888 1531.62
505 501.01 -319.119 612.169
503 -93.3453 196.541 155.322
501 239.02 145.428 66.6424
492 -312.715 -194.296 1749
489 229.463 171.214 67.3304
487 232.894 152.417 66.4855
484 -87.1444 188.449 155.624
481 180.304 133.605 84.9682
477 -63.0284 95.49 153.629
474 -72.4526 84.1233 156.033
473 -38.2314 74.4831 149.632
472 -37.9778 75.1983 151.527
470 -39.7909 44.2473 139.214
469 293.111 152.321 1101.33
468 373.913 80.5989 766.327
467 -220.651 70.5077 983.343
462 71.361 -339.789 4349.95
460 230.651 -188.638 613.971
458 469.742 -241.665 698.599
455 222.812 182.818 66.5414
454 222.417 164.59 67.9312
449 203.319 136.629 76.3097
444 -82.2447 168.541 150.923
443 -86.3088 167.748 152.232
442 161.348 130.682 88.1553
440 -77.8718 150.177 151.562
439 -77.8718 150.177 151.562
438 164.722 111.602 89.0278
436 -68.6185 123.282 154.593
432 16.0889 75.285 132.214
427 -2.73701 63.5915 136.828
426 -30.6361 66.2813 144.697
425 -30.5968 66.5341 144.84
419 354.121 63.3955 748.796
416 436.781 -17.5063 764.199
414 82.348 -43.2296 1201.34
412 89.4017 -153.199 1708.01
405 -95.0169 192.896 155.301
403 -91.9851 189.173 159.057
402 264.836 134.885 53.8921
401 259.925 133.828 55.1031
400 260.129 134.029 55.5866
399 -90.0149 185.316 157.142
389 -82.7695 149.684 154.243
384 462.263 125.668 470.694
376 374.802 -2.0629 731.604
373 398.488 0.690597 1076.76
371 291.244 -59.762 1160.23
369 -124.35 -44.6914 1767.47
365 -344.606 -100.124 1472.94
352 224.561 167.255 63.9882
351 169.992 172.418 81.1296
350 -91.7566 200.97 153.821
349 241.687 143.017 65.1195
348 -79.0354 186.599 152.28
2695 234.945 -45.3622 1326.46
337 -70.3038 133.108 154.15
2693 938.883 -162.176 2750.85
2691 219.409 -285.112 4017.51
2686 189.428 139.182 86.1297
328 90.2879 -44.9993 1201.31
2684 140.638 86.2948 91.9038
2681 302.994 189.481 1055.6
324 976.02 -276.123 2822.48
2680 309.609 182.356 1048.57
2679 57.5004 76.7449 1086.96
2678 -153.242 -26.9615 1267.45
2676 -168.03 -89.5725 1299.22
317 418.66 -426.198 3275.91
316 311.607 -416.398 3084.74
315 576.593 -492.964 3277.77
2671 -20.6552 64.7087 142.91
2669 -127.368 -18.878 1784.54
312 224.299 -482.699 3369.53
2662 -236.093 -195.616 1694.52
302 28.1932 -283.96 561.433
301 228.294 149.699 64.6489
2657 534.474 -456.849 3566.27
299 176.299 136.765 80.4418
2655 177.934 -663.279 4941.74
297 170.034 132.996 84.0656
295 -79.2952 163.438 158.556
2651 -335.129 -103.128 1311.37
2649 212.851 -168.937 638.978
2648 -141.851 59.3461 1239.62
2647 102.164 -281.082 571.495
2646 -329.127 -169.321 1715.64
289 47.5977 57.5224 52.2257
286 78.7758 142.984 446.968
2640 -324.248 62.9323 924.737
2638 -20.4304 64.9538 143.791
279 942.229 -84.5335 2778.19
2481 -154.518 23.2652 1307.27
2476 115.451 -795.766 4323.36
2475 -344.979 -779.773 3882.35
118 -78.1431 65.7292 159.235
116 -55.3415 -14.8212 1761.93
2470 399.356 156.013 807.662
113 -99.6538 185.048 160.544
2469 -290.731 156.156 778.031
112 -76.811 139.398 158.118
109 39.9236 73.0037 125.074
2465 -86.9436 73.8289 1034.14
2464 -180.385 75.5016 1047.79
107 -35.5388 61.748 147.357
102 -60.0512 209.278 154.078
2458 176.186 115.704 81.2747
100 -84.6123 154.617 157.351
2456 -51.2612 40.1867 128.836
99 -83.1247 146.188 157.819
97 -28.9696 59.2806 145.684
96 -28.8514 59.435 146.193
2450 -437.234 -834.232 4130.04
92 -266.161 60.2107 1153.85
2447 178.349 119.624 79.2819
89 -79.8418 166.499 156.138
2445 142.207 99.2627 92.3811
88 -83.062 146.243 158.428
87 -82.1764 120.04 155.739
2442 371.733 23.749 754.395
2441 316.533 26.5598 740.206
84 29.3168 73.2828 127.989
2438 427.16 35.2326 2362.62
2437 -521.915 -111.422 1714.85
80 -58.1883 74.5878 155.043
2436 -1323.42 -257.578 4086.6
79 5.08865 69.7956 136.957
78 -6.68882 67.0847 138.251
2434 522.602 -523.286 3543.11
74 -17.2418 65.5282 142.419
2430 -731.645 -864.754 4092.77
73 -17.2283 65.5563 142.551
1182 396.991 137.536 2133.89
1181 -346.112 79.3775 921.486
69 -155.696 -219.69 723.269
68 253.101 -288.063 584.22
1177 -501.774 74.3655 874.613
66 -97.8532 176.575 160.664
2422 -56.904 78.0779 154.608
1173 -330.877 -103.533 1614.77
2420 -214.218 132.519 1797.46
63 -76.9719 104.037 158.624
1170 -665.271 -96.6099 1579.93
60 6.26837 73.9579 136.238
1169 78.5281 -408.269 4294.91
570 -88.1525 203.076 155.113
28 -76.8004 223.075 150.684
2384 180.086 -83.3057 1237.19
26 -90.8622 208.3 153.156
566 111.479 88.4795 105.024
2382 -125.598 -38.523 1767.67
1134 -151.861 -4.23231 1447.86
2380 225.66 -169.309 653.952
23 -92.3891 138.023 161.644
2379 -65.8242 -162.157 1483.36
22 -71.6153 127.409 151.731
278 -34.4445 -41.5377 1212.32
561 852.936 -298.327 2040.92
2377 -1413.74 -259.381 4241.45
2634 347.957 24.7018 757.017
560 -472.074 -118.968 1823.13
19 -29.3606 62.3196 143.395
1128 -301.45 242.309 409.551
1127 -74.0369 128.13 150.427
275 -45.5954 -44.7606 1251.77
274 -237.418 -93.1356 1236.43
1124 -74.618 100.226 152.889
2358 311.228 -135.738 1042.28
258 229.129 -504.795 3366.35
543 236.977 -496.223 3370.35
2359 -132.783 -33.936 1744.8
2 83.8736 83.539 113.368
3 -172.872 -88.2036 1286.65
1112 323.826 -74.41 1051.63
261 583.661 -520.07 3368.62
546 -147.524 -685.492 3809.26
2362 -34.3461 -41.8471 1225.13
2619 -133.397 190.423 866.334
262 574.529 -509.538 3368.09
1118 -263.222 63.3679 1010.59
2623 399.185 -21.2576 815.743
2368 77.1635 82.4103 117.178
2626 -75.0724 82.9178 336.155
554 215.655 -493.467 3347
2370 -1337.35 -825.947 3766.88
2627 -52.2815 51.957 146.341
270 -344.522 -133.32 1413.58
2387 290.231 -76.7567 1140.57
1139 -303.161 57.049 953.165
2388 303.613 -69.5524 1118.1
1140 -280.909 59.7166 990.641
2390 155.106 24.6438 1779.49
1142 -339.394 73.1937 933.213
1144 -112.401 67.5319 1171.25
1145 359.34 -19.6305 776.051
2396 -75.0593 101.925 159.174
1148 -73.8663 66.6638 1054.94
2397 42.0482 -319.554 500.84
40 -91.967 189.271 159.268
41 -82.9036 193.785 154.745
1150 -28.4041 74.2661 1101.99
2399 -476.926 -830.641 3997.23
42 -82.9036 193.785 154.745
2400 -475.734 -727.381 3960.82
43 -105.836 219.269 162.533
44 44.465 -308.531 555.248
45 215.328 -193.625 605.277
46 209.632 -186.056 615.684
1156 -70.5271 71.9912 168.419
2405 -124.211 -456.656 3179.46
2407 527.108 -401.628 3488.68
50 -22.2175 60.3793 143.367
1160 -68.5519 101.464 152.846
52 -80.3251 73.7102 160.631
2410 -138.923 -14.5567 1736.58
53 -80.3535 73.754 160.878
55 -9.08283 71.4079 141.178
1164 -66.7622 179.703 153.791
2413 -322.721 55.59 994.196
3511 -90.1525 166.814 844.797
3513 -130.325 -317.587 476.002
3532 181.194 -182.337 667.908
3572 -39.5879 143.292 661.605
3582 313.366 -0.0487837 781.744
3594 1704.35 -188.362 2954.89
3616 321.744 -141.353 1065.08
3647 313.239 184.569 41.5029
3655 63.3034 -211.151 3258.04
3683 316.503 174.776 44.9323
3685 372.555 -646.969 4150.28
3687 322.318 -415.978 2976.88
3688 1802.91 -323.553 2989.25
3689 241.267 -90.2891 1580.79
3694 295.648 124.82 49.0494
3696 219.023 132.017 74.0601
3704 189.865 157.973 75.5126
3710 204.781 178.921 71.8234
3716 447.831 -30.1847 731.956
3717 363.833 42.7658 742.297
3718 -78.379 70.6943 1105.58
3724 186.834 176.004 75.2535
3726 324.213 180.803 41.7864
3727 83.2741 -444.081 4337.24
3738 171.571 -258.247 606.563
3741 233.265 114.561 56.0679
3744 218.367 156.812 70.8878
3745 215.232 174.798 70.9858
3747 289.534 123.97 34.2306
3751 287.845 106.974 49.4509
3756 184.865 128.409 90.8277
3758 255.917 123.759 61.372
3759 -68.7874 -285.911 539.737
3760 187.931 107.384 77.1957
3761 160.679 115.143 89.291
3763 69.8929 80.9726 117.207
3764 341.37 -87.8856 1056.5
3765 131.621 91.9852 98.1747
3767 -339.053 125.043 1781.42
3768 189.922 140.77 70.4458
3769 46.577 55.6608 141.885
3772 -131.863 -243.044 775.585
3780 -701.529 -251.872 2998.78
3781 11.4347 -169.868 2127.15
3783 1710.34 -162.268 2943.2
3786 24.3598 -32.1774 1165.54
3789 24.1758 -18.047 1583.95
3795 9.92536 70.3195 134.409
3798 137.881 248.241 90.7685
3799 -534.571 -770.136 4178.87
3802 316.433 -133.843 1063.79
3803 908.011 -170.003 2885.7
3806 1646.07 -140.097 2839.86
3808 316.65 -40.1163 1987.89
3812 1683.2 -67.2506 2961.64
3815 158.881 -4.31737 1979.09
3821 328.499 139.92 42.8076
3823 229.239 152.121 63.4598
3825 148.039 249.714 87.9676
3827 232.483 241.035 65.1659
3828 230.513 242.24 65.4679
3829 -383.246 -874.752 4211.9
3834 434.399 -242.236 700.728
3837 118.15 -93.9798 954.666
3838 210.098 -51.8137 1100.33
3839 -142.463 -15.2917 1655.6
3840 -137.643 -14.5972 1717.16
3845 89.0901 66.8856 142.58
3850 313.139 177.767 42.4137
3851 319.606 186.386 42.2243
3852 317.567 197.263 47.6036
3853 202.664 209.22 74.8849
3855 -376.013 -901.104 4260.22
3856 -202.383 -887.316 4238.5
3857 -243.779 -883.472 4225.26
3859 -345.024 -867.618 4186.56
3861 -416.169 -850.497 4228.74
3864 2.32495 -832.968 4320.14
3868 462.725 -127.608 722.304
3875 293.221 100.506 50.4797
3876 287.135 124.7 48.47
3877 329.603 123.5 38.406
3880 222.017 168.687 63.862
3881 169.382 183.777 82.0457
3883 -416.107 -883.484 4255.8
3889 1732.99 -233.957 3078.55
3893 282.599 -10.7412 1212.33
3896 331.608 121.012 36.3434
3899 313.756 187.286 42.1895
3900 322.123 190.444 41.2582
3902 199.698 225.244 73.5805
3903 218.15 248.809 70.5346
3905 -223.84 -872.28 4251.89
3906 -440.686 -845.762 4180.91
3913 443.164 135.56 422.335
3915 325.442 172.984 42.0692
3916 227.25 181.245 67.3193
3917 208.562 209.604 71.5399
3919 185.548 214.908 74.0307
3920 206.843 215.492 72.806
3928 398.355 147.39 808.488
3929 326.444 160.386 40.4944
3930 197.187 213.315 75.0018
3931 220.792 218.571 68.3894
3932 220.039 225.408 68.4392
3934 1559.07 34.7097 2672.6
3939 -498.243 -801.465 4159.44
3940 -177.753 50.8296 1254.33
3941 384.58 99.8864 790.249
3944 -263.717 -214.632 1737.19
3946 180.967 197.925 69.8447
3947 200.976 202.512 72.909
3950 325.793 142.745 42.1326
3953 -767.423 -796.618 4089.16
3955 422.596 -23.2693 816.892
3958 6.0897 -440.17 2926.97
3967 -266.833 -180.569 1602.8
3978 122.947 -514.096 3472.2
3981 -196.681 -133.323 1467.6
3982 -183.126 -135.629 1470.47
3984 328.875 -161.27 1058.32
3985 965.166 -202.177 2760.14
3986 328.102 -89.2155 1059.8
3989 -212.207 -219.902 3168.44
3990 934.703 -389.374 2894.08
3992 1009.9 -344.506 2708.57
3993 900.445 -329.079 2892.73
3996 87.2943 -151.723 1777.2
3997 904.226 -253.537 2886.34
4001 386.939 27.9494 2344.33
4004 330.235 -13.7335 1170.44
4005 -250.21 64.5437 1013.49
4008 422.767 70.45 763.757
4012 -157.896 176.581 890.24
4013 60.3092 64.2009 161.735
4015 -299.564 -273.593 833.797
4018 -294.459 58.6251 811.153
4019 -152.437 -274.162 497.045
4024 -99.1249 116.59 157.996
4025 -297.509 -309.98 817.691
4029 42.3352 67.3972 1046.25
4030 -314.307 95.1175 812.811
4032 364.995 156.998 780.694
4034 407.685 170.6 782.479
4035 -104.106 48.6519 151.892
4044 -113.637 67.5955 1060.16
4052 850.163 -504.298 3241.47
4054 1649.93 -468.805 2956.99
4057 1267 -387.935 2822.1
4061 1531.92 -377.951 2908.56
4065 1744.62 -351.627 2939.78
4066 825.686 -273.354 3340.63
4069 -148.548 -37.3017 1244.92
4082 222.65 -179.207 636.278
4085 462.782 -149.156 729.5
4086 1269.82 -376.062 2833.52
4092 444.183 -35.1742 734.442
4093 386.898 -14.0172 744.805
4097 -116.79 67.195 1194.08
4098 69.8226 80.8735 116.638
4101 125.822 244.346 93.7721
4102 204.45 235.59 72.597
4103 230.422 231.209 63.3854
4106 -333.221 -609.216 4332.66
4108 849.215 -497.007 3327.34
4120 257.234 -15.1637 1323.15
4123 1680.91 31.9585 2863.3
4135 396.404 -9.99763 743.054
4473 934.253 -199.6 2932.87
4482 486.521 11.6564 672.557
4487 284.668 61.1427 1420.68
4488 -167.698 -190.143 1782.54
4503 326.86 -96.159 1049.03
4522 1488.46 -703.272 3343.34
4531 1147.69 -92.2929 3098.78
4537 1312.48 -473.282 2904.24
4540 1602.11 -373.9 2964.53
4542 -91.5432 -5.85188 1763.78
4544 1276.96 -552.236 3005.94
4545 1499.78 -401.576 2996.61
4551 365.94 -29.8028 805.352
4552 192.025 168.506 1069.26
4553 179.245 118.871 76.3321
4554 181.427 123.481 77.6804
4555 1446.4 -455.545 3062.08
4556 172.147 45.8414 1735.9
4566 350.575 -27.4233 795.525
4567 351.661 -28.1603 799.351
4568 329.041 -7.56304 785.02
4569 1425.05 -436.586 2926.78
4573 1659.8 -208.811 2948.27
4574 353.464 -20.4591 792.572
4576 -640.843 -271.173 4562.98
4585 317.706 4.66482 1955.14
4587 1635.64 -346.208 2905.9
4588 1741.79 -356.069 3091.58
4590 948.788 -1412.7 4224.36
4591 1070.76 -1164.55 3499.67
4596 1637.03 0.00928193 2752.31
4597 1576.87 11.3422 2742.26
4598 234.329 173.931 944.932
3490 425.369 -28.0696 831.172
4599 1003.05 -1747.88 4158.84
4601 944.86 -1423.28 4303.91
3494 98.743 86.4088 143.647
4603 1610.57 -482.246 2964.42
4611 512.901 -331.818 630.141
3504 -618.166 -265.589 3111.16
4616 1786.04 -461.891 2980.15
3508 -71.918 70.0702 1202.29
4617 1477.86 -402.219 2818.55
4618 1372.05 -372.493 2822.86
3510 158.559 96.2438 863.064
3514 125.198 -188.071 3181.24
3515 182.528 -183.882 694.785
4624 205.619 -23.7077 1210.47
4625 50.4972 115.923 1099.43
4626 -355.906 -1554.76 3955.87
3519 334.317 1.89087 782.569
4628 -316.913 -1115.01 2975.7
3521 -220.408 61.4072 1092.33
3610 311.096 182.951 44.3472
4720 458.018 51.9051 822.627
4179 193.923 224.083 77.5513
3617 321.136 -139.294 1065.03
4726 196.392 146.724 1198.56
4727 -60.4223 106.016 682.613
4188 332.903 117.23 24.985
4476 347.443 -139.381 1467.5
4734 -45.2462 71.284 1207.49
3626 90.2373 84.1167 108.817
4735 148.028 175.221 1061.92
4479 351.122 -4.58754 1366.51
4195 359.741 40.7225 743.753
4480 380.212 -32.8158 2574.55
3628 102.909 86.8064 108.058
4196 62.061 79.3475 117.719
3629 117.868 89.5118 102.922
4738 1504.63 -473.263 3058.28
4483 486.022 11.4438 671.278
3631 275.982 120.024 58.9055
4199 183.858 101.711 -71.7462
4484 -19.7664 42.595 697.019
4741 855.652 -224.28 3205.75
3633 256.652 124.647 63.1486
4490 1797.21 -399.902 3100.75
4747 346.943 32.8166 3246.59
4206 1484.85 -349.122 2818.83
4491 -403.182 -218.616 6829.3
4748 -174.301 65.6341 1164.5
4492 1815.21 -562.964 3230.64
3642 320.259 180.82 38.1941
4751 657.383 -1534.96 4299.7
4210 1635.16 -428.591 3009.73
4752 1822.13 -1678.66 4652.92
4716 535.59 -208.362 2197.28
3539 -274.535 72.909 934.788
4648 196.454 154.147 916.354
4239 204.565 110.72 72.3826
4653 1483.71 -1480.84 4268.15
4524 1490.98 -479.867 3146.51
4781 330.08 187.258 1051.82
4654 1540.66 -1513.48 4347.1
3614 -113.262 -230.688 3255.96
4182 201.856 244.913 73.4576
4241 -413.463 -828.033 4177.5
4212 1324.69 -600.391 3089.12
4183 284.907 231.327 47.9731
4526 -66.8067 -191.431 2639.42
4497 1830.39 -412.177 3091.18
4754 21.4781 -267.819 584.609
3675 318.771 145.145 39.9219
3548 -135.268 -298.515 505.034
4498 -418.55 -231.607 6857.84
3646 311.116 185.483 47.3711
4755 -32.0704 -169.242 1715.98
3606 49.0716 77.5501 124.168
4715 1873.48 -36.2552 4977.3
4774 368.73 210.118 985.343
4233 1718.24 -408.203 3094.48
4187 1607.75 -18.7849 2847.45
4787 -60.016 70.4613 153.397
4246 1325.22 -459.055 2898.56
3522 -79.1885 186.059 923.716
4718 546.308 -209.927 2172.93
3668 265.525 118.812 54.7969
3681 314.716 168.494 43.9567
4663 326.864 -45.052 2621.76
3652 -100.233 -221.534 3206.12
3623 304.35 -45.4823 1078.36
4732 837.18 -183.471 3170.37
4791 1125.08 -168.178 2822.69
4505 311.693 -53.9906 1086
3653 -128.486 -215.437 3155.97
4762 1555.65 -1498.25 4423.85
4221 1671.9 -86.8636 2917.08
4773 490.16 29.3854 667.786
59 1.63002 73.202 137.968
3537 -190.282 76.6547 964.627
4646 540.153 -151.975 583.143
4514 804.965 -258.14 3334.25
2414 -300.722 58.6912 1032.07
4230 1272.35 -464.987 2872.13
4513 1528.73 -337.789 2805.51
56 -3.6439 72.4003 139.702
4229 323.657 -387.249 2971.62
4512 1362.54 -352.067 2794.18
3660 61.0879 -44.0548 1300.67
4769 1488.49 -1558.02 4251.76
4228 852.139 -478.285 3009.28
4511 88.6748 -168.455 1736.27
3659 320.267 -65.4697 1067.69
4768 1013 -1501.81 4016.97
4767 1399.01 -1607.44 4031.33
3531 181.194 -182.337 667.908
3657 56.7223 -183.639 3106.77
3656 34.8186 -204.367 3227.54
3529 203.58 -193.81 3293.44
4500 1838.2 -389.755 3094.32
3648 322.052 186.853 42.0082
4712 1263.17 -353.298 2799.71
4171 140.056 252.9 89.1498
4708 56.6614 108.353 1057.5
4706 222.408 -44.505 1244.92
3593 -9.00242 -181.488 2479.79
4156 243.507 226.369 58.2892
4696 1396.28 -993.488 3279.24
4155 243.507 226.369 58.2892
3586 316.224 104.075 513.008
4695 1833.12 -1869.65 4837.9
4693 1538.69 -1739.55 4332.72
3581 10.0933 70.4168 135.268
4690 1504.66 -1849.36 4341.65
4148 1623.47 -52.5234 2951.69
3579 376.284 111.993 806.356
3578 -341.857 156.256 821.841
4146 -264.292 -568.199 4332.72
4686 219.918 177.223 908.798
4684 362.032 -36.9637 826.013
4143 243.885 220.602 56.5691
3574 388.492 -15.0866 753.64
4682 1594.89 -115.818 2662.69
3570 -31.7344 114.066 773.246
4137 1149.54 208.01 1904.53
3565 16.2565 132.269 967.145
4674 42.4068 -1394.27 4111.23
4673 -26.6682 -1409.91 4135.49
4672 1458.47 -1670.73 4228.28
3561 -111.172 136.98 436.257
4670 -321.6 -1554.37 4001.75
4669 53.4497 96.8952 1031.94
3559 -22.7472 92.4006 647.589
3558 -291.647 79.8738 794.48
4665 219.118 -26.778 1215.9
4661 356.927 -53.8044 2632.16
4658 546.308 -209.927 2172.93
3543 1086.81 -123.81 2834.22
4652 1524.08 -1557.8 4241.05
3542 -276.132 -287.27 516.859
3536 -209.12 62.445 1010.48
3528 1049.45 -141.392 2819.05
4632 1452.58 -1594.74 4251.59
4470 348.325 -301.787 586.394
4469 8.49997 87.8761 606.799
4468 87.7234 100.553 1175.5
4466 37.8185 -41.5838 1242.25
4461 98.5658 63.2555 569.367
4458 961.192 -246.617 2790.63
4455 -181.133 -255.044 3159.88
4449 904.626 -246.623 3130.01
4440 -178.129 37.8787 870.703
4438 939.36 -304.471 2898.92
4436 1676.96 -1473.79 4582.34
4432 179.768 -1536.56 4242.08
4428 -450.633 -1586.57 3903.39
4422 403.483 -12.1687 2504.77
4412 1533.62 -1425.18 4382.59
4411 372.375 -1477.02 4208.17
4401 169.378 66.9246 897.763
4400 50.6034 100.971 1052.05
4399 -154.848 61.5715 1046.71
4397 106.696 53.2823 1765.36
4389 941.913 -196.299 2787.71
4388 907.999 -211.435 2901.62
4387 904.491 -216.014 2951.89
4379 1503.68 -1467.95 4337.92
4372 -173.315 66.1619 1036.04
4369 407.634 0.466134 2452.45
4368 -150.994 -8.50451 1349.93
4365 67.3247 -85.3628 1159.78
4363 888.11 -177.138 3083.83
4359 948.788 -211.868 2841.71
4357 912.688 -255.087 2917.94
4354 904.282 -326.457 2976.71
4352 1514.74 -449.858 3011.2
4351 329.492 -250.155 670.862
4349 1822.39 -1447.88 4523.6
4345 -162.819 179.355 837.29
4343 146.749 99.0653 875.234
4341 -22.8853 68.0355 1157.73
4335 949.64 -132.332 2893.15
4332 933.306 -185.371 2793.01
4328 292.225 -190.106 885.051
4326 915.875 -312.713 3006.05
4324 -268.68 -181.285 1539.07
4316 337.581 -100.486 1096.57
4308 905.048 -189.5 2959.7
4305 906.5 -227.023 2989.24
4304 862.763 -227.578 3164.03
4303 917.278 -252.167 2776.58
4301 958.559 -285.918 2796.38
4296 -85.0455 -233.299 3245.32
4291 -198.77 -997.42 5026.86
4290 198.642 32.8456 1849.05
4288 1147.07 -92.2589 3096.41
4283 406.33 166.11 731.817
4281 212.131 192.865 70.6607
4272 1821.61 -339.787 2957.54
4271 1855.21 -377.779 3081.47
4268 -615.209 -584.749 4203.99
4267 54.1652 -763.891 3623.55
4247 1225.06 -439.91 2866.79
4218 248.834 -12.562 1070.83
4215 -132.882 -20.1058 1759.9
4198 180.92 -20.1251 992.467
4189 258.341 213.691 57.2447
4181 280.032 223.114 52.2404
4164 184.526 210.578 77.825
4160 299.136 135.042 50.0694
4140 173.8 217.238 79.9418
3487 -291.17 65.4444 968.935
3485 86.2204 -148.247 1695.13
3480 -72.1802 -322.349 508.279
3479 352.55 102.352 484.776
3478 349.344 -231.091 842.593
3477 142.753 -235.878 606.321
3475 423.709 196.942 803.535
3473 393.982 119.084 513.012
1109 -681.018 -58.7677 1529.54
3464 357.673 -25.8257 827.747
1105 -98.7755 188.816 153.666
1104 -241.723 231.715 535.081
3460 -265.989 -221.424 789.779
3459 -45.2844 35.8325 155.357
3455 -341.384 -87.0406 1439.6
1098 -66.9797 64.1867 152.457
1096 -168.295 181.874 844.099
1095 -388.756 172.778 762.973
1093 -120.398 67.4779 1041.25
3449 -0.145104 82.682 649.659
1088 -282.711 63.7406 1104.55
1086 -544.899 76.9927 871.095
3442 374.937 -16 756.237
3439 -44.8926 -184.823 1104.43
1082 -707.026 -10.5407 1450.57
3438 9.43295 -223.284 3307.55
1081 -178.714 -80.0077 1235.22
1080 -711.054 -68.7138 1482.96
1079 210.682 -174.003 640.464
3432 -299.161 189.356 940.9
1071 80.3832 82.2434 121.096
1070 -249.827 220.447 542.316
1069 32.6418 74.3416 128.354
3424 -123.494 68.1417 1184.19
1065 -100.319 154.407 863.801
1063 -360.843 55.6881 952.53
1061 -435.426 53.2033 1100.57
3417 -317.77 -141.17 1467.07
3416 99.4661 -157.238 1865.95
3415 1656.09 -58.4763 2944.35
1052 -689.129 -268.745 3106.92
3408 945.402 -222.452 2786.73
3407 601.461 -337.28 3335.9
1047 -328.379 -110.606 1470.8
3402 -131.977 72.3384 1171.06
3398 -195.154 -81.6099 1281.56
3397 308.786 -88.2218 1051.93
3394 -314.146 -167.758 1575.39
3393 281.667 -134.561 869.137
3386 115.395 -223.321 3312.4
3385 405.14 -208.647 2556.86
1023 305.749 28.1725 736.358
3378 -326.548 -172.972 1594.55
1020 -68.222 88.6835 158.649
1019 352.19 81.719 789.057
3373 956.873 -247.388 2809.29
3371 -37.2726 64.0035 151.666
1014 160.522 208.751 86.3901
3368 -252.45 69.3493 970.029
3365 -74.2066 88.769 154.51
3364 -62.0818 72.7614 1144.44
3363 9.64694 68.6405 135.735
3360 -320.678 -118.882 1343.45
1003 -153.748 210.492 310.129
3359 26.4557 -280.509 567.007
999 137.19 106.055 101.863
3354 2.51462 182.183 781.996
997 141.378 94.1056 95.2082
996 353.949 -7.78037 840.671
3350 206.419 -302.015 579.142
3349 -170.979 -324.034 454.772
3346 100.088 65.4137 581.993
3344 288.203 -252.982 609.096
3343 13.5618 91.8719 628.843
986 144.739 109.79 94.8238
3341 463.901 -229.874 797.011
984 44.8532 77.0599 126.092
3340 215.209 -443.663 565.3
3338 226.63 -185.031 699.358
3337 231.397 -210.824 596.667
3336 15.4804 106.468 613.492
978 -219.836 61.3249 1015.46
975 167.665 209.634 80.508
3321 -115.532 -327.236 452.837
3320 -248.118 -335.488 420.642
963 -164.922 63.3816 1032.68
962 -190.816 61.6274 1022.57
3318 57.1268 46.2716 28.5618
960 343.248 30.3925 2331.95
3315 387.991 156.16 779.909
3311 -409.72 55.1955 1085.62
3310 173.651 27.5385 1679.84
3309 117.85 -72.105 722.058
952 178.094 202.369 83.9221
3305 -70.4259 21.7042 130.171
947 184.537 123.706 77.8286
3303 -61.1038 124.685 692.204
3302 -3.11715 88.9371 647.03
943 220.816 117.655 72.3413
3298 -473.648 59.7381 1115.72
3297 -431.118 57.8607 1095.56
3296 70.176 107.531 1097.02
3295 -47.7835 71.5981 1067.19
3293 -62.5061 71.751 1135.86
936 -300.576 183.435 712.694
3290 -352.898 -96.1306 1451.26
933 -69.623 59.0231 155.525
3286 -184.426 -135.916 1482.39
929 -37.8239 41.5429 143.821
3285 88.4821 -138.5 1588.66
3284 215.318 -160.951 634.66
927 354.474 23.3041 742.23
3281 231.381 -317.915 4073.22
923 -138.664 67.1582 1179.39
3279 159.148 -254.317 654.877
922 -255.479 61.4563 1006.89
3278 145.812 -300.176 549.404
921 386.717 5.12936 2448.64
3276 78.0715 81.6599 112.496
3275 -256.237 202.883 727.963
918 196.135 -188.814 626.973
3274 -340.81 171.572 781.187
916 463.12 -247.269 690.728
3272 -6.1629 175.102 827.406
915 328.002 -252.736 687.715
912 162.776 214.562 82.4274
3268 -365.474 57.1342 1001.87
3267 -275.62 66.5182 1120.3
3265 -406.642 51.3533 1141.8
907 228.022 149.297 63.3736
3259 -325.56 -132.663 1377.89
3256 -134.039 -316.868 453.462
3255 355.797 -300.328 589.992
897 63.1256 80.0429 119.882
895 -191.142 167.1 830.769
3247 -125.516 63.9284 1202.14
3238 422.088 -8.9611 843.43
3235 -339.445 -160.429 1544.97
3234 -104.831 -250.149 3308.33
3233 547.421 -241.009 2388.21
876 328.894 -249.474 669.189
3232 88.7229 82.931 111.156
3230 393.066 -22.3099 786.535
873 202.716 178.861 71.6751
869 208.398 143.838 71.4275
3224 4.29273 79.3966 1153.87
867 -87.4481 160.797 154.805
866 -87.4546 160.617 154.201
3220 -145.537 -80.013 1291.3
857 -35.7581 64.5324 148.232
3213 -219.451 -91.6337 1232.98
3209 -62.0477 65.7796 150.594
3208 294.994 -254.665 645.554
3206 -36.0416 64.3776 147.82
3201 104.111 78.0754 1460.4
844 201.316 197.39 70.8178
3200 42.7028 -40.8451 1219.41
842 90.0175 84.7027 112.376
839 83.9016 83.5575 114.73
838 79.4825 82.8422 115.589
3194 200.158 105.774 71.8649
834 22.1352 70.5668 130.293
3188 -340.012 54.0523 1085.42
3185 346.995 -29.9415 789.399
825 -1034.12 -291.806 4220.02
824 -1034.12 -291.806 4220.02
3180 201.152 112.672 74.1402
823 188.593 177.812 79.635
3177 55.6978 104.814 303.252
3176 -29.9702 61.1667 675.461
818 13.4733 75.2959 134.49
3169 205.154 -207.461 567.465
3164 -26.1181 87.5111 678.989
3162 -329.245 78.7744 914.289
805 -302.728 145.296 787.859
3161 -305.321 75.5936 872.649
3159 -360.762 75.1909 940.418
802 -418.272 63.9778 1177.63
799 442.001 -671.516 4011.68
3155 -212.862 347.905 2982.74
795 -233.771 230.509 541.918
3151 111.693 -13.7041 1368.54
793 -14.0524 46.9193 160.468
3149 -117.088 -73.4918 1300.81
3148 -337.052 -72.771 1635.37
3147 -306.227 -192.387 1626.39
790 -59.1941 237.394 146.9
787 -76.154 156.054 156.259
3143 -224.242 -283.92 519.973
3141 209.291 111.728 71.5722
784 -265.855 222.832 510.667
781 -407.047 162.047 748.661
780 -401.124 123.824 871.689
779 -239.412 67.9119 984.577
3135 -164.191 65.587 1018.83
3130 -22.5425 71.8669 1070.64
770 -85.3098 182.647 155.607
3126 363.407 -31.129 795.057
3125 -165.71 -39.2806 1542.51
766 -65.6738 109.129 152.795
3121 65.7939 -157.66 2361.95
763 -235.807 222.985 543.105
3119 -164.799 -291.139 510.308
3117 47.5427 -318.4 503.011
3116 -39.4833 66.0986 148.395
758 -72.5728 57.9828 159.378
757 -388.906 185.237 688.928
3108 -256.292 64.0349 1104.67
751 -389.831 138.413 744.337
750 -391.827 121.398 761.25
3103 420.094 63.2176 754.084
3101 294.769 25.4053 769.563
3100 314.001 18.21 746.921
743 -663.285 -46.4498 1526.7
3098 430.319 -4.08577 749.73
741 -914.14 -184.813 2102.56
3093 -622.262 -107.837 2358.1
735 -114.669 181.688 137.756
3091 -315.748 -177.034 1668.59
3089 -274.006 -181.926 1494.9
732 -66.435 105.012 154.232
731 -277.183 222.976 506.78
3087 170.348 -185.732 3247.6
730 -267.844 220.031 529.204
3086 152.091 -195.98 3197.07
728 -64.2662 94.6731 151.949
726 23.3199 71.7634 126.815
725 -6.56846 67.2648 138.858
3081 -36.9021 -300.636 536.191
724 391.943 112.384 803.119
723 -79.6627 55.7633 161.419
3075 102.751 81.2338 108.088
718 -314.833 167.527 800.716
3073 -10.0874 95.323 638.288
3072 169.986 91.5004 879.916
715 349.41 46.7193 766.65
3071 -396.598 64.4886 1135.09
714 -303.654 134.15 801.361
3069 -44.8603 80.9901 1177.41
712 -377.188 144.087 880.96
3068 26.3028 74.9035 1147.66
711 -405.676 120.291 830.133
709 -303.737 78.3934 911.32
3064 400.17 120.805 2214.7
3056 1594.61 -15.3644 2740.26
3054 989.892 -96.1027 2814.76
3053 1010.9 -98.3855 2877.26
696 166.62 191.634 81.2848
3052 323.89 -152.349 1065.23
695 182.493 183.431 69.4886
690 162.358 113.457 89.5846
3046 1697.27 -172.668 2942.07
689 -61.1388 145.496 149.115
3042 237.92 -450.301 596.711
3041 171.003 95.2352 84.7103
682 -238.087 217.646 549.452
680 -407.161 189.119 663.448
679 -299.585 190.286 781.863
3035 -62.3857 124.378 665.454
3031 -92.9119 19.6836 837.521
674 -356.123 168.185 774.414
3030 -322.873 -83.8985 1258.14
3029 94.3788 -54.3597 1197.28
3027 -263.401 -180.141 1665.19
3025 190.495 -199.795 3393.82
668 -350.843 149.225 797.54
3024 999.597 -279.485 2835.97
3023 954.273 -284.624 2708.46
666 -373.798 135.659 913.83
3022 111.335 88.1876 104.722
3020 -34.5797 59.4073 146.609
662 -440.306 48.9294 1126.79
660 210.263 -177.836 634.742
3016 405.876 -30.6067 2529.62
3015 1840.72 -4.44247 2958.23
658 232.826 -184.9 625.326
657 206.532 -182.37 620.785
651 -84.3048 193.22 155.031
650 -84.3048 193.22 155.031
3005 -309.726 -173.979 1666.09
3003 162.034 -266.453 585.944
3002 268.437 -278.1 596.523
3001 346.809 173.238 744.799
2997 190.918 -197.646 566.476
640 -417.41 161.52 695.366
2994 -96.1235 -19.373 1630
2993 220.941 125.819 68.9254
2992 -35.5582 61.8026 147.65
632 -319.97 54.3452 1150.42
2983 215.881 145.234 74.4824
2979 179.204 110.589 85.025
2973 -307.273 -96.9494 1566.51
2972 239.707 -71.089 1425.79
614 -410.478 -529.061 3403.14
2970 284.695 138.044 47.3816
2969 -69.5292 122.526 152.745
2968 283.702 123.794 48.2103
2967 283.702 123.794 48.2103
609 -314.774 248.707 389.036
2965 101.548 83.8818 108.65
607 -234.051 231.353 540.526
606 -243.154 227.296 533.138
604 -229.592 217.299 552.109
2959 1042.64 -52.3039 3058.15
2957 243.846 141.523 64.9432
2955 151.466 113.566 93.1277
598 424.318 -19.3099 800.263
597 424.318 -19.3099 800.263
2952 61.9259 79.6595 118.986
2951 -195.319 176.799 792.596
2947 0.967437 74.067 1157.94
589 -81.4133 -13.1099 1771.1
2945 -97.607 1.76036 1761.5
587 -132.56 -44.4588 1726.56
2938 449.595 -152.693 691.316
2935 994.099 -256.626 2708
2933 127.273 -279.959 546.382
2932 127.273 -279.959 546.382
2929 280.617 127.126 54.5017
2923 440.211 -9.44309 755.756
2917 49.6943 -219.652 3299.94
2914 1056.42 -253.932 2787.89
2910 -131.522 -6.33951 1773.91
2906 -307.409 -185.355 1888.52
2903 -248.271 -90.9198 1204.32
2890 147.766 -156.948 584.948
2886 -79.4712 125.62 154.95
2885 -24.854 70.4008 151.639
2884 403.308 102.554 791.587
2881 -85.2374 47.597 140.72
2867 -26.9106 79.231 1074.83
2856 142.148 127.224 94.5257
2854 352.273 204.145 1045.44
2851 -151.623 -48.2105 1344.68
2847 165.43 131.369 86.7013
2846 208.894 125.563 62.3558
2843 -77.2937 126.453 148.467
2842 196.304 119.946 69.4968
2839 5.39376 48.7446 161.613
2837 316.799 53.3059 764.016
2836 -100.845 65.9778 1062.53
2828 278.228 118.083 55.5417
2820 -252.18 59.796 982.322
2819 -280.371 63.5752 1073.05
2810 -124.027 -327.304 449.623
2808 264.893 134.945 54.0241
2807 270.066 135.062 58.2579
2802 286.807 122.206 50.1389
2798 -231.063 220.509 548.307
2795 311.119 188.882 1048.35
2793 291.605 171.677 1110.77
2791 -235.775 75.5054 953.771
2790 -217.994 76.9583 965.083
2789 43.7061 91.7218 1022.22
2787 -97.8857 -19.304 1743.44
2786 303.096 -48.6258 1099.08
2785 1570.61 -0.627368 2694.02
2780 1013.96 -224.962 2778.03
2778 994.328 -373.2 2726.02
2773 127.381 -288.348 546.152
2764 204.519 110.42 72.0808
2759 476.524 148.819 465.055
2757 367.207 89.8575 792.508
2756 -203.397 68.0681 1048.83
2752 344.155 -21.3862 798.896
2749 -326.453 -106.512 1357.07
2748 -184.974 -136.114 1485.11
2742 85.7744 -162.094 1708.29
2739 85.3487 -190.649 3176.45
2729 1713.13 -180.255 2946.85
2726 159.511 -464.101 3273.05
2722 338.084 -249.333 676.572
2721 14.0196 -269.511 588.811
2720 61.5741 -298.157 549.144
2719 176.222 136.326 79.9785
2718 272.517 133.038 56.4642
2714 237.781 126.915 66.1721
2713 196.488 128.898 82.3654
2708 185.774 98.727 82.4447
2706 -228.45 223.239 542.25
1097 -147.091 184.443 830.327
1076 -83.251 215.473 162.046
1074 -316.839 238.77 397.494
959 397.268 15.0448 2401.4
950 228.508 155.012 65.6889
935 -140.527 184.963 836.09
931 -73.8055 50.4659 159.407
913 164.484 214.006 79.2616
906 -77.0654 175.128 156.256
900 -82.0354 131.325 151.456
883 -329.801 -125.723 1362.38
874 163.668 211.749 80.6122
827 1170.34 -378.361 2777.68
698 -934.22 -525.859 2884.9
655 -412.136 -843.334 4187.29
653 169.176 171.818 79.255
642 -242.268 223.449 534.941
631 -71.6234 -28.4893 1767.34
619 239.263 -454.376 3230.71
603 7.46367 76.2393 181.796
599 334.055 50.3554 809.582
592 -383.776 58.8179 1162.99
257 -67.208 -289.252 532.798
256 -89.4266 205.202 161.584
2613 259.777 143.099 1211.06
250 54.691 -23.8809 1202.7
2607 -639.306 -97.0436 1608.34
248 964.634 -95.5518 2819.34
247 -95.8651 -9.16599 1765.75
244 -90.6735 -25.2962 1751.69
241 -116.973 -41.0806 1749.16
240 -88.201 -42.3783 1763.29
2596 -541.194 47.2884 1009.55
2595 -296.298 88.6414 1163.31
2594 -380.327 62.4377 1125.34
2592 277.511 134.176 1260.1
232 568.264 -473.28 3463.98
2589 -124.317 -326.24 443.03
230 634.376 -513.508 3221.98
2587 -414.999 177.055 639.702
2584 -543.972 47.1137 988.227
225 -127.713 -17.7457 1792.86
223 973.56 -371.265 2696.25
2580 78.4124 95.205 1059.54
220 -302.414 -181.369 1663.07
2576 -36.5143 74.7432 1158.87
215 -428.845 -776.335 4319.71
212 66.8098 69.7941 193.54
198 -105.874 -162.996 1690.44
197 -10.9367 -809.337 4274.67
2554 19.2097 76.8548 1132.7
196 -64.62 87.3459 153.882
2553 0.449872 71.325 1143.76
2552 -123.899 68.0717 1185.35
193 30.3025 -271.391 581.491
2550 359.152 23.1263 733.468
191 -104.596 -167.248 1731.08
187 -75.4765 98.0764 158.096
2544 -327.43 -176.357 1679.87
183 -25.2377 63.9696 145.254
182 162.134 -252.857 632.589
181 -394.799 -782.148 4144.25
178 -77.72 122.051 157.349
177 29.044 77.5634 128.385
2534 59.3182 72.8097 116.226
172 -120.034 -10.4723 1765.33
2529 -49.7488 64.5659 1068.73
2528 25.8631 75.3893 1115.58
2523 -198.707 -144.493 1501.56
164 -415.841 -821.949 4197.6
160 -67.9946 134.906 155.805
2517 295.02 -42.749 1160.34
155 -118.145 -1.00573 1745.86
2511 -143.142 -92.7703 1281.98
2510 -169.848 -93.1426 1304.62
2509 -329.674 -175.195 2677.04
151 -76.0325 125.405 158.503
2503 -298.936 -244.491 829.623
142 443.448 -559.56 3882.33
2494 -450.295 51.8049 1130.76
2493 350.444 67.6216 760.088
134 61.3695 79.7544 120.191
2491 357.648 -9.56461 763.824
130 -46.7305 -723.898 4211.82
2487 348.21 157.988 736.858
2485 376.222 7.16242 743.925
1168 199.106 -181.959 624.92
2415 138.169 -23.9884 787.205
