00001     0.9976981159    -0.0092131187    -0.0671832410   119.6513403287    -0.0027378569     0.9844471541    -0.1756596281   -38.5668420303     0.0677567234     0.1754392181     0.9821558467   500.3747291878     0.0000000000     0.0000000000     0.0000000000     1.0000000000
00002     0.9924924060     0.1056597466    -0.0616022881    98.2288595689    -0.1100581729     0.9912397945    -0.0730127965   131.6978314350     0.0533481258     0.0792444814     0.9954266872   536.7770329819     0.0000000000     0.0000000000     0.0000000000     1.0000000000
00003     0.9839097439    -0.0739859421    -0.1626274767   -33.6724128275     0.0550296298     0.9914724172    -0.1181278362     5.5713046602     0.1699804567     0.1072777992     0.9795907912   458.2508514821     0.0000000000     0.0000000000     0.0000000000     1.0000000000
00004     0.9926167790    -0.0487061816    -0.1110839232    65.0468280168     0.0278321143     0.9828588483    -0.1822466949   -59.7674200044     0.1180563574     0.1778094268     0.9769577802   480.5992932863     0.0000000000     0.0000000000     0.0000000000     1.0000000000
00005     0.9980692550     0.0401257532    -0.0474097694   142.9002669899    -0.0473033229     0.9857310739    -0.1615445622     1.9659911787     0.0402511857     0.1634753005     0.9857259600   516.0133170494     0.0000000000     0.0000000000     0.0000000000     1.0000000000
00006     0.9955607487     0.0831910342    -0.0440232613   135.5000933610    -0.0882190089     0.9877930449    -0.1283834368    57.5601961552     0.0328055205     0.1316971989     0.9907470139   528.2908947458     0.0000000000     0.0000000000     0.0000000000     1.0000000000
00007     0.9880669220    -0.0772270842    -0.1332656563    16.5675063770     0.0556833005     0.9858007321    -0.1584180755   -39.0733910071     0.1436075476     0.1491069886     0.9783373540   467.6960635030     0.0000000000     0.0000000000     0.0000000000     1.0000000000
00008     0.9868775059     0.1090260823    -0.1191054230   -16.5779025065    -0.1151003628     0.9923181488    -0.0453497303   151.4864156741     0.1132461694     0.0584637062     0.9918454013   511.3234487783     0.0000000000     0.0000000000     0.0000000000     1.0000000000
00009     0.9901913362     0.0786951587    -0.1154477795   -62.1220728785    -0.0883619498     0.9927774285    -0.0811488955    88.3047327972     0.1082279245     0.0905541242     0.9899932661   493.3050379340     0.0000000000     0.0000000000     0.0000000000     1.0000000000
00010     0.9935774025    -0.0405123850    -0.1056536417  -208.4444637743     0.0204250063     0.9825848144    -0.1846886614   -77.6205567758     0.1112958420     0.1813445042     0.9771015333   432.7385826411     0.0000000000     0.0000000000     0.0000000000     1.0000000000
00011     0.9943200159     0.0376431108    -0.0995525100  -105.3384509851    -0.0491378732     0.9920729100    -0.1156581629    19.9682649790     0.0944096152     0.1198930250     0.9882876540   476.1450084629     0.0000000000     0.0000000000     0.0000000000     1.0000000000
00012     0.9870971080     0.1203076713    -0.1056662839    35.9703169115    -0.1255322702     0.9911023820    -0.0442461029   165.7936122110     0.0994029601     0.0569397287     0.9934167901   529.8565839566     0.0000000000     0.0000000000     0.0000000000     1.0000000000
00013     0.9850939129    -0.0834138044    -0.1504397556  -304.2411995074     0.0698403967     0.9931795575    -0.0933631914    38.9248934704     0.1572014689     0.0814647393     0.9842007897   415.3567066880     0.0000000000     0.0000000000     0.0000000000     1.0000000000
00014     0.9896506241    -0.0655638093    -0.1276441507  -261.2746273496     0.0441348197     0.9854729667    -0.1639974076   -53.3565022814     0.1365421546     0.1566665851     0.9781675833   420.7580120120     0.0000000000     0.0000000000     0.0000000000     1.0000000000
00015     0.9886172745    -0.0763535790    -0.1296380170  -283.7845760591     0.0741508997     0.9970100227    -0.0217407144   124.5642048042     0.1309103836     0.0118804702     0.9913230179   423.7867364724     0.0000000000     0.0000000000     0.0000000000     1.0000000000
00016     0.9930369999    -0.0717550775    -0.0934276496  -227.5864270617     0.0726300105     0.9973409411     0.0059940628   163.0486414010     0.0927491155    -0.0127379773     0.9956080280   432.4154386656     0.0000000000     0.0000000000     0.0000000000     1.0000000000
00017     0.9933203867    -0.0960781851    -0.0639029871  -151.2768743099     0.0951571198     0.9953117324    -0.0173112065   140.5622609444     0.0652666221     0.0111147501     0.9978059583   442.3547976265     0.0000000000     0.0000000000     0.0000000000     1.0000000000
00018     0.9917658786    -0.1222228066    -0.0382364687   -69.7570517616     0.1206460201     0.9918426051    -0.0411434641   104.2733646548     0.0429532284     0.0361916061     0.9984213478   456.7405227961     0.0000000000     0.0000000000     0.0000000000     1.0000000000
00019     0.9918111542    -0.1237784423    -0.0314568228    -6.5333551275     0.1203580573     0.9882764706    -0.0939337834    45.6942760089     0.0427150152     0.0893784920     0.9950813598   470.6989012942     0.0000000000     0.0000000000     0.0000000000     1.0000000000
00020     0.9949329863    -0.0987138392    -0.0190769686    95.8721397038     0.0937057679     0.9792173385    -0.1798683771   -38.0485048403     0.0364359965     0.1771693596     0.9835056869   505.7179669863     0.0000000000     0.0000000000     0.0000000000     1.0000000000
00021     0.9992471149    -0.0327418303    -0.0208128787   125.8113584029     0.0284684781     0.9832532608    -0.1800071410   -32.9296666672     0.0263580942     0.1792791054     0.9834450942   526.2396685597     0.0000000000     0.0000000000     0.0000000000     1.0000000000
00022     0.9958756052     0.0036096448    -0.0906573184  -153.1085155602    -0.0181811778     0.9868802063    -0.1604272519   -43.6441152677     0.0888888277     0.1614138434     0.9828755504   456.7327551451     0.0000000000     0.0000000000     0.0000000000     1.0000000000
00023     0.9927046491    -0.1183742201    -0.0229133949    48.5201045599     0.1136069151     0.9819706729    -0.1510862879   -10.5916741380     0.0403850033     0.1473809403     0.9882549822   485.8185429359     0.0000000000     0.0000000000     0.0000000000     1.0000000000
00024     0.9995443732     0.0204499049    -0.0222001653   144.5585536362    -0.0236061226     0.9879817874    -0.1527571233     8.0596796232     0.0188094904     0.1532115829     0.9880143794   542.9513451352     0.0000000000     0.0000000000     0.0000000000     1.0000000000
00025     0.9974100848     0.0693699380    -0.0189982727   155.1067794634    -0.0710457001     0.9913962300    -0.1099364527    67.4233250859     0.0112085310     0.1110014722     0.9937570337   551.5289203905     0.0000000000     0.0000000000     0.0000000000     1.0000000000
00026     0.9879530106     0.1263546583    -0.0893495901    64.8073179442    -0.1324479334     0.9889969646    -0.0658980192   136.0272253997     0.0800399517     0.0769383150     0.9938179420   534.1145069066     0.0000000000     0.0000000000     0.0000000000     1.0000000000
00027     0.9933975489     0.1063501880    -0.0430226374   128.2437974008    -0.1094467829     0.9909658555    -0.0775117723   115.3187320238     0.0343905732     0.0817086939     0.9960627379   549.9436847700     0.0000000000     0.0000000000     0.0000000000     1.0000000000
00028     0.9847721097     0.0906731601    -0.1483316216   -73.3353784634    -0.1055087417     0.9898316314    -0.0954004551    83.9446229481     0.1381730703     0.1095979902     0.9843253950   475.6230639847     0.0000000000     0.0000000000     0.0000000000     1.0000000000
00029     0.9899421618     0.0406667696    -0.1355017715  -125.6152523741    -0.0598479124     0.9882502194    -0.1406404324    24.8177056595     0.1281902633     0.1473353918     0.9807443799   437.4670818088     0.0000000000     0.0000000000     0.0000000000     1.0000000000
00030     0.9851923218     0.1119837310    -0.1298296310    -6.4342545980    -0.1223052237     0.9896971760    -0.0744374368   121.8186492809     0.1201562373     0.0892140332     0.9887382540   508.4836836965     0.0000000000     0.0000000000     0.0000000000     1.0000000000
