# COLMAP_ID X Y Z
2723 407.843 -250.227 2504.34
2690 54.1323 -276.124 503.467
2688 -424.542 -16.505 1601.38
2667 -606.791 -103.126 1529.84
2627 411.522 -55.8619 1635.57
2599 -309.445 -170.004 1607.62
2597 891.211 -56.6706 2403.18
2594 191.282 -149.197 589.77
2593 -616.168 -232.435 2814.64
2592 -716.529 -260.31 2888.12
2591 166.832 -183.437 3162.45
2589 477.178 -232.148 2270.33
2567 -361.228 -155.929 1324.09
2562 -159.853 -87.0572 1238.04
2555 1.53991 30.2077 696.656
2545 898.909 -30.8764 2665.67
2544 330.823 80.062 723.21
2542 -301.838 -170.868 1617.2
2536 80.1743 -47.6814 1146.06
2535 165.012 -244.481 569.117
2534 -247.231 -203.178 1643.13
2533 -313.237 43.592 887.521
2529 226.085 -154.228 593.722
2527 119.255 -732.422 4079.24
2526 -314.801 -732.81 3673.15
2520 -30.4394 77.5467 624.628
2508 -297.332 121.18 734.857
2483 -59.651 -689.869 4011.28
2380 -656.392 -146.516 2196.7
2356 -184.112 173.062 776.65
2354 233.802 97.3578 1362.46
2353 281.729 -117.098 919.854
2349 -78.221 119.776 149.148
2347 -44.3805 77.6765 143.254
2343 -43.5318 137.821 632.699
2341 -13.0342 91.3284 733.902
2335 -541.644 -274.049 2806.2
2332 168.121 -239.215 596.203
2324 327.676 7.63838 772.239
2321 -131.992 198.143 572.558
2320 -43.0317 34.4401 126.161
2318 -36.8208 122.53 696.555
2305 -102.668 182.928 524.143
2302 -351.596 182.242 754.937
2300 -505.096 113.618 620.866
2296 -40.3927 124.666 665.136
2294 -11.1317 116.014 702.171
2292 54.2291 89.8481 992.285
2291 335.283 53.2206 718.824
2290 351.259 8.98854 693.536
2274 -236.263 70.0903 902.26
2269 -643.711 0.516656 1245.46
2267 320.98 -7.32439 1181.03
2266 -122.891 -69.2661 1235.43
2264 303.289 -48.1159 1005.58
2262 1053.43 -20.7231 2482.46
2258 130.08 -253.873 523.868
2248 -15.9427 129.655 717.323
2246 -510.237 38.0368 847.308
2241 -129.41 -80.4184 1247.74
2234 214.348 -175.997 567.04
2233 460.121 -276.201 2933.77
2228 -384.425 154.109 724.673
2223 -663.129 -245.669 2827.37
2222 486.649 -222.942 2243.47
2220 -80.0892 125.132 150.231
2219 -66.4853 62.6747 142.963
2207 96.5457 -141.914 1781.04
2205 -45.9563 -186.845 2985.19
2203 1043.68 -45.8537 2736.18
2196 -35.2557 61.2454 140.383
2192 -128.234 229.876 576.694
2191 -655.364 -23.1652 1403.31
2189 -721.641 -112.511 1445.13
2188 -456.17 141.588 663.105
2182 -488.792 89.0141 862.175
2181 -30.5126 69.4992 636.004
2174 -1250.92 -396.478 3807.61
2169 -84.6024 72.4209 1015.08
2165 -1254.48 -369.23 3803.59
2163 -812.78 -292.975 1731.6
2156 -97.9809 228.143 601.185
2155 -251.019 185.159 664.211
2149 324.779 -17.5061 1212.12
2143 -949.335 -511.72 2762.31
2139 -59.7458 141.547 144.383
2137 18.8606 77.5182 127.566
2136 -59.5941 66.3537 138.303
2133 -354.971 153.947 747.523
2130 -49.9975 154.884 939.265
2127 -141.641 66.7373 995.459
2123 -294.257 -101.755 1274.8
2117 -4.55881 106.699 1384.59
2116 -324.388 -85.2377 1189.9
2111 309.631 -126.897 1009.85
2110 -59.7038 -195.816 3046.67
2108 502.794 -315.576 3236.9
2107 487.92 -440.755 3341.93
2106 256.506 -426.503 3017.7
2105 -85.7362 109.245 346.447
2103 388.728 -362.796 3077.57
2094 -1230.43 -380.579 3807.37
2092 -325.066 45.5007 1000.87
2089 218.835 -281.373 526.966
2088 -194.413 -83.4634 1186.15
2087 -216.771 -87.7581 1187.28
2086 -402.714 202.277 293.321
2082 -374.623 193.978 278.268
2081 20.3848 76.3334 124.974
2079 -99.5366 192.196 592.863
2077 -590.279 31.2514 1116.35
2074 521.971 -451.909 3404.46
2069 -119.763 55.5879 1163.04
2067 144.824 -247.4 538.986
2066 -79.9706 160.032 152.019
2065 -408.623 190.714 306.196
2061 -479.513 99.0464 839.02
2053 -679.019 -58.7522 1384.29
2051 -377.136 198.007 264.936
2050 -30.2974 176.375 382.926
2047 -9.08368 77.5462 1040.94
2040 -300.935 -103.89 1237.37
2036 -1250.53 -396.398 3806.34
2033 -119.607 231.299 575.228
2031 88.2292 85.4112 203.397
2028 -199.224 59.3329 1008.23
2026 -564.424 30.5741 1030.87
2025 -89.1298 66.6978 1101.82
2024 -655.953 -16.6568 1342.36
2021 500.437 -165.7 2164.52
2020 201.233 -240.515 3691.44
2018 241.355 -374.679 2919.31
2013 -333.54 202.113 219.95
2012 -469.543 177.72 539.55
2011 -469.543 177.72 539.55
2010 -458.391 168.173 532.116
2009 23.381 78.4016 126.325
1999 -487.383 78.8513 860.525
1998 -408.124 46.3041 891.359
1997 -399.344 38.1099 956.31
1996 -346.909 48.1002 1007.15
1994 -643.678 -9.87296 1328.49
1988 -1277.29 -386.582 3814.29
1985 514.52 -421.059 3276.54
1983 -117.9 175.804 144.655
1977 -95.6229 110.542 284.471
1974 -370.416 153.799 641.075
1970 -250.489 57.4606 943.79
1965 -62.1821 73.6184 1087.96
1962 322.403 22.8418 734.888
1958 145.955 -70.6766 1089.04
1956 1072.67 -43.0602 2930.08
1952 -147.06 -211.993 3039.66
1950 -818.444 -280.392 2890.58
1949 -882.022 -306.682 3037.94
1946 481.002 -395.978 3343.3
1939 -223.029 210.857 515.906
1935 -286.303 54.0414 934.446
1933 -3.34729 71.1261 1103.18
1932 -72.702 69.812 1138.82
1931 -659.14 -1.76451 1287.75
1929 -637.802 -46.5019 1462.04
1923 -582.835 -134.814 1837.24
1921 -185.391 -129.76 1345.83
1918 508.748 -350.259 3264.65
1915 536.438 -382.005 3140.02
1912 488.607 -421.677 3374.64
1910 534.58 -414.571 3169.6
1909 544.352 -436.812 3147.42
1901 -699.958 -114.027 1425.98
1895 -828.718 -269.804 2830.5
1888 -31.3727 59.9733 143.38
1885 489.442 -402.65 3329.45
1884 490.332 -402.877 3331.47
1882 559.815 -424.743 3104.86
1881 180.535 93.4372 490.836
1879 -272.359 -216.071 807.02
1877 109.323 -56.8819 764.432
1876 249.689 137.13 1031.48
1873 358.703 5.28355 708.422
1872 -338.142 148.926 770.104
1870 254.712 -115.419 1635
1866 122.248 20.1773 1561.86
1865 118.919 245.976 87.6452
1864 126 233.636 89.0487
1862 116.577 210.858 94.1479
1854 168.851 67.7426 1614.55
1852 -146.866 68.8167 1457.18
1850 123.119 248.767 83.1199
1845 130.65 241.619 86.593
1843 -86.4586 151.034 147.328
1841 -62.2724 97.7343 153.604
1839 307.774 145.034 972.486
1837 -269.236 74.5866 888.754
1835 393.216 54.2892 2218.09
1828 145.351 236.031 58.2392
1825 -78.262 199.407 144.583
1824 -240.337 202.803 519.538
1816 15.8851 69.0152 1048.88
1815 -386.383 59.3036 850.461
1814 -395.046 59.5037 855.154
1813 -395.046 59.5037 855.154
1807 -314.3 -96.715 1176.66
1806 199.758 -349.622 3286.94
1800 143.018 236.241 70.7093
1799 156.316 237.908 72.9185
1797 138.858 243.622 87.9405
1796 -74.6374 173.809 147.014
1795 -280.149 227.76 515.563
1792 -109.824 170.632 836.128
1788 398.544 7.9952 707.339
1787 -396.745 46.2485 902.434
1784 203.486 -149.296 605.28
1783 -25.524 324.683 177.14
1782 114.499 252.256 96.8831
1781 147.006 232.975 58.3578
1779 139.552 231.222 84.5575
1778 155.039 210.908 76.8501
1775 -167.044 184.267 765.717
1774 -292.454 173.17 727.82
1772 347.875 4.16628 697.396
1767 -290.499 -104.088 856.05
1760 138.553 236.256 84.7731
1759 -70.4524 215.837 127.067
1756 74.5511 -38.791 1141.65
1753 -176.371 -124.337 1456.74
1750 -158.93 -88.8451 1255.77
1749 -235.433 -86.9922 1150.65
1746 73.15 -6.47512 922.109
1743 -273.638 -215.349 823.014
1738 -276.145 -202.867 773.46
1737 277.309 -45.8106 612.045
1731 -40.2223 42.4873 729.655
1729 325.872 70.8283 736.874
1727 347.005 68.2999 711.069
1723 -248.809 213.615 504.759
1722 -118.502 196.804 571.298
1714 -304.948 64.5841 876.957
1713 602.361 -471.627 2930.9
1708 -294.181 223.974 371.189
1707 37.8212 78.8305 120.299
1706 347.288 189.151 712.79
1692 -269.172 209.181 482.739
1690 127.914 125.864 294.454
1687 -456.154 119.44 700.401
1682 396.621 -13.571 788.071
1678 -298.773 -214.962 920.275
1673 594.708 -520.032 3049.05
1672 -322.967 220.739 154.45
1668 -63.505 66.4384 150.994
1667 -356.141 153.808 654.486
1665 390.031 157.052 770.169
1664 164.048 86.6822 546.116
1661 -22.8365 71.513 1036.11
1658 430.455 98.9368 2201.23
1657 278.665 -34.4022 1140.84
1655 -306.624 -94.78 1188.88
1650 -77.2444 127.713 154.69
1648 442.205 227.239 835.156
1637 242.914 -42.1719 425.412
1633 -537.016 -250.539 2981.44
1631 210.262 -153.751 608.254
1629 -98.0631 220.39 590.256
1616 333.142 29.2762 2368.67
1615 110.118 -12.0055 1107.77
1614 -123.512 -45.8414 1599.69
1611 529.981 -331.682 3184.45
1608 -279.213 -210.86 771.798
1604 -48.8904 -29.7885 437.358
1601 -529.356 -41.4965 1972.31
1599 -158.548 -82.6474 1232.77
1595 479.798 -609.964 3715.44
1586 187.25 -146.808 573.419
1584 295.682 40.8003 2176.51
1582 -352.904 164.606 706.929
1578 -250.31 227.369 511.52
1575 -660.977 -263.839 2924.56
1571 -17.6312 45.5791 151.675
1568 163.806 -643.287 3754.44
1567 113.078 228.961 94.434
1563 -311.915 223.791 362.754
1562 -311.915 223.791 362.754
1561 -89.3411 91.151 153.754
1556 -18.1271 -121.441 1508.72
1554 107.635 246.261 91.5255
1553 107.648 245.976 91.23
1552 102.879 232.631 97.3681
1549 -90.2021 207.619 149.296
1547 -503.561 157.453 650.543
1545 -117.148 162.916 823.011
1542 211.969 -86.0942 1447.77
1539 -301.921 236.102 151.339
1538 -343.094 216.642 192.076
1532 -130.254 222.474 605.281
1531 320.435 143.153 737.531
1528 -504.31 134.214 646.663
1518 -840.416 -269.352 2816.66
1517 -267.6 -230.626 780.816
1516 -270.356 283.3 126.927
1514 -310.214 232.698 175.186
1507 306.56 69.1595 771.986
1501 83.2928 1.51486 717.756
1498 113.04 244.175 78.6184
1496 -316.926 232.075 167.699
1495 -309.103 230.959 184.133
1494 -328.581 217.642 191.356
1484 33.1909 75.9257 121.039
1482 -480.863 103.106 639.979
1478 448.856 73.7188 2209.64
1473 -660.959 -92.3756 1411.3
1469 -281.049 -217.692 817.601
1468 -321.659 227.35 160.582
1464 -348.069 208.849 218.082
1455 39.0313 80.9163 118.881
1453 -424.794 177.342 585.211
1450 -447.66 153.902 614.821
1442 -545.027 119.554 801.974
1437 -392.796 46.3021 713.865
1436 -474.142 53.9637 830.357
1435 -169.401 68.6219 1106.73
1434 -242.157 53.6671 917.438
1432 -446.035 43.4416 894.849
1431 -468.149 41.5038 881.518
1424 274.546 -34.2951 1099.67
1421 -261.391 -211.029 782.985
1418 -274.424 -235.862 781.536
1417 119.573 246.243 84.2784
1415 -328.9 220.873 165.717
1413 -355.676 208.418 226.168
1406 -237.885 194.625 717.958
1405 -352.241 150.685 782.817
1402 326.255 69.3401 700.857
1401 69.2961 113.263 1042.31
1400 -1.58829 58.7279 851.822
1399 -359.232 61.262 858.591
1394 286.974 -38.6275 1064.81
1385 -95.3284 -686.274 3968.69
1384 -328.861 218.544 167.508
1382 -93.033 191.982 137.682
1380 -94.043 183.214 143.642
1378 -356.037 199.397 233.503
1376 -223.126 211.419 517.559
1372 -34.0835 59.9796 144.377
1371 -132.92 176.178 831.587
1369 93.5408 73.2311 531.835
1368 93.456 73.1684 532.275
1367 -345.498 115.469 772.999
1365 -572.898 74.2276 897.356
1361 -47.945 64.774 1061.4
1360 -527.553 59.8996 836.592
1359 -311.179 52.5038 924.792
1356 -102.213 -16.278 1661.04
1351 518.655 -220.475 2328.52
1344 -96.5282 198.351 152.19
1343 -259.639 223.462 209.077
1342 -355.194 201.666 241.267
1337 77.7972 74.8085 167.236
1335 -32.4002 58.3591 140.805
1329 69.5947 -24.2651 633.568
1327 -73.4505 -44.1802 1763.73
1322 -281.879 -140.129 1432.92
1315 -19.4056 69.0583 1089.25
1312 -58.5045 65.0055 144.009
1310 -87.7371 -13.5024 1642.65
1309 -297.718 234.766 262.785
1308 -80.2062 171.93 160.689
1307 -80.2062 171.93 160.689
1303 -501.478 81.8202 836.633
1300 -173.691 239.356 168.905
1298 -338.118 206.787 320.875
1296 -427.893 43.8367 1007.01
1289 -700.648 -107.757 1472.2
1285 -311.399 225.521 368.781
1279 -718.178 -112.232 1433.8
1278 -736.05 -138.504 1551.46
1275 -343.543 196.797 303.04
1274 -98.0116 124.405 163.793
1267 -297.521 232.381 170.985
1264 -330.988 213.365 333.828
1258 -19.6342 36.5027 155.566
1252 -400.611 70.6319 828.683
1250 -302.534 51.0472 803.604
1249 -398.5 49.008 844.393
1245 -706.094 -90.7284 1423.28
1242 384.048 -451.014 3441.75
1239 117.171 -234.53 641.837
1233 -66.5373 115.79 148.648
1232 -126.05 216.067 619.389
564 -35.4462 53.782 144.439
541 -92.3371 189.364 149.893
539 226.352 149.525 65.0959
536 311.084 161.612 991.707
531 338.837 14.1929 719.996
524 217.505 166.053 65.4036
523 220.175 155.867 64.6785
521 212.664 147.291 68.1996
516 -78.4387 158.683 144.729
515 137.43 112.769 91.3093
514 -93.6997 104.006 152.581
513 -60.2904 92.9784 145.914
510 -68.8659 82.0392 148.612
507 -165.736 180.822 771.63
505 272.3 160.13 1045.75
489 218.328 161.522 63.9657
488 -97.8329 195.262 153.167
484 -80.3743 167.277 146.618
482 175.87 136.583 78.3102
481 -80.7641 161.978 143.453
477 173.746 121.841 77.4595
473 -66.2809 119.376 147.202
471 -63.5975 106.52 147.682
466 14.8562 68.1381 126.989
461 -6.77325 63.4252 132.462
458 -223.658 159.4 795.143
457 -38.4152 37.1893 141.307
455 345.092 10.9724 700.083
454 189.316 48.844 1217.41
451 -149.506 -1.80268 1205.76
445 266.25 -504.822 3348.43
444 -553.739 -459.831 2818.82
442 207.443 188.29 62.401
440 208.931 147.525 69.6816
439 -90.4859 181.755 151.996
435 -88.4547 178.477 150.994
432 -74.6236 170.39 146.481
431 216.738 133.095 63.6715
430 216.738 133.095 63.6715
428 155.145 129.095 85.8024
425 -80.5344 144.43 147.636
424 -80.5344 144.43 147.636
410 -27.141 53.5899 997.494
408 -269.24 53.768 1110.19
404 -119.957 -38.1204 1673.44
401 -159.345 -70.7773 1163.63
399 -313.896 -109.642 1555.08
2754 -11.4498 170.197 781.248
2751 -226.291 56.7058 944.063
394 254.192 -461.921 3154.28
2748 -388.552 43.3921 1085.51
388 340.831 -271.153 561.248
2740 59.2511 81.1919 112.876
382 -85.7217 194.715 145.649
378 -78.1108 179.567 145.456
374 -85.5769 155.362 149.853
372 194.385 115.173 70.0977
368 -68.2459 128.19 145.82
365 73.4226 84.4577 111.399
2719 515.865 -201.35 2251.4
2718 85.128 85.4298 105.652
356 -96.178 -10.9451 1665.13
355 278.108 -69.7597 1079.73
2711 -436.472 29.7742 1049.75
354 -115.462 -56.3458 1602.21
353 908.936 -219.997 2630.5
352 142.162 -167.299 3047.4
2708 -137.003 59.1926 1177.76
2707 106.29 -261.066 541.193
2706 -305.901 -160.789 1573.58
343 531.043 -459.669 3194.64
2699 -30.6422 62.604 140.074
341 216.211 -437.306 3187.8
2694 44.7548 124.445 984.833
2686 -76.0758 57.4381 242.337
2685 -328.086 45.436 999.581
2683 380.865 -2.74367 781.108
326 161.278 136.87 82.8843
2681 -807.739 -294.19 3003.88
2481 -275.987 -236.985 784.215
124 -39.88 -152.299 1617.9
2480 -677.467 -827.015 3882.46
2479 -133.639 -263.358 509.57
122 18.3419 -402.032 1267.08
1231 -361.993 181.734 659.579
120 81.5749 87.0886 107.848
118 75.5055 84.8229 109.187
1226 -218.344 56.4703 947.395
2473 209.746 122.176 69.9192
1225 -410.623 64.8455 839.81
115 58.6957 81.5393 114.676
113 -35.3188 63.4603 140.301
2466 132.367 -14.0851 755.358
1218 -539.911 -101.721 1568.01
108 81.7481 -38.144 1142.23
1217 -539.634 -101.694 1566.13
2464 -308.035 48.9016 941.769
1216 -629.524 -103.6 1492.91
106 -37.4515 -672.075 4001.64
2462 -134.281 -9.34945 1650.44
1214 195.107 -161.818 595.435
2460 495.114 -349.283 3274.26
102 -77.404 146.393 149.536
2458 -111.062 -419.546 2978.42
2454 -1299.99 -576.403 3817.66
96 4.87776 73.5284 128.426
2449 -71.5266 97.6752 147.432
2447 294.397 128.844 1118.78
2445 -192.25 122.545 1750.87
1197 -29.8929 77.6959 1067.6
2444 -163.713 9.2969 541.244
87 38.543 74.744 119.507
2443 282.933 -14.5638 1067.58
85 -33.0769 61.6298 140.13
1190 -111.305 61.6664 1147.66
80 -39.8761 64.915 142.347
79 -26.6941 59.8366 139.448
2435 -121.147 -32.0802 1672.98
78 -26.4998 59.8987 139.805
2434 900.026 -200.995 2611.76
1186 -358.525 44.916 1084.02
2433 218.886 -149.04 622.949
76 -22.7427 51.0066 136.447
1185 -522.664 44.5513 841.273
2432 -60.1916 -150.126 1407.88
2431 539.547 -313.987 3187.74
74 -78.54 159.194 145.899
1183 -155.344 4.42601 1599.69
72 -79.3007 116.341 149.513
2427 -74.5904 -662.545 3941.51
69 28.4433 74.533 122.31
2425 -493.598 -481.468 2644.04
68 28.5002 74.5911 122.509
1177 113.788 -235.827 554.943
2424 -199.366 -266.753 493.597
67 13.6415 71.7847 126.9
1176 -292.248 226.075 388.327
2423 -1249.3 -806.403 3563.27
66 26.5052 70.448 122.647
1175 -71.6186 123.624 142.884
2422 173.077 123.494 77.1972
64 5.29998 70.197 129.813
1173 -235.873 210.188 508.032
604 85.295 89.1682 120.434
63 -5.63488 67.7101 132.172
603 14.8187 73.5623 126.678
2386 -119.365 -286.017 483.725
1138 -117.07 66.5691 988.46
569 135.086 120.19 92.8938
1137 -89.648 66.5255 1027.68
2642 -518.379 34.5197 937.54
568 130.898 98.0799 91.5369
2384 371.933 8.7217 738.358
1136 -120.681 67.0918 1115.19
2641 -281.156 28.7395 780.246
567 -70.5405 112.445 150.75
2383 66.689 -34.537 1132.19
1135 -144.662 66.3511 1116.69
2382 1092.84 -318.35 2673.61
25 -82.4515 152.856 148.579
1134 -266.868 56.3937 1015.57
565 -67.8335 98.9791 150.567
281 58.9093 155.674 510.952
1131 -534.466 57.9114 858.026
2636 -88.1426 71.6467 1068.45
1130 -532.838 45.4513 858.074
2635 6.57568 82.6224 1072.92
278 51.6025 -14.0957 1151.78
561 316.975 -65.8744 972.392
2376 -625.357 -236.071 2805.95
19 -76.6944 213.714 141.811
18 -107.522 209.595 154.102
1126 -675.173 -78.8613 1408.81
2373 -806.647 -250.073 2749.14
1124 548.17 -456.737 3144
272 -88.7843 -18.8211 1663.69
2371 533.134 -480.186 3257.98
14 -69.2976 123.319 144.797
542 477.611 -294.433 589.834
1 80.1349 85.8247 108.455
258 608.188 -455.423 3065
543 486.896 -284.904 588.005
2616 -555.618 36.7349 998.245
544 463.561 -223.511 648.433
545 -135.088 -41.0994 1466.62
4 -66.0943 70.6059 146.925
548 361.951 110.975 745.268
551 445.567 136.462 457.899
2624 -67.5603 84.244 145.795
552 -63.6824 99.5149 148.002
268 -85.6558 -34.994 1673.45
571 162.167 120.154 85.6671
2387 -410.29 -712.448 3872.85
2644 -184.073 171.612 841.865
572 -79.2515 209.208 147.541
573 -79.2515 209.208 147.541
2389 254.342 -444.495 3160.84
33 -41.6934 55.06 142.868
2647 -106.748 -310.851 432.672
290 572.706 -460.471 3050.66
575 -91.3804 89.2654 153.842
34 -55.1282 61.1095 145.874
291 542.165 -448.868 3157.98
576 148.13 124.662 87.8402
2392 503.433 -482.105 3256.22
2649 -854.198 -264.017 2763.14
36 7.71245 66.5324 128.573
578 141.155 160.504 88.7353
2394 -766.035 -274.396 2906.24
1146 -257.063 215.079 491.565
579 216.918 153.359 70.7974
1147 -257.95 208.996 464.526
2396 -657.78 -263.676 2903.09
39 -0.215961 69.2628 131.104
1148 -235.555 217.955 507.736
2397 -598.656 -214.789 2768
40 -8.23861 71.3374 133.909
1149 -97.0039 181.193 147.695
2654 -284.876 81.8313 1104.68
2398 -563.35 -218.151 2762.06
41 -3.03641 72.4151 132.129
2655 -514.645 33.9838 951.864
298 -291.26 -166.363 1577.94
2399 489.324 -379.237 3243.78
2656 -184.322 68.9642 945.392
300 -308.904 -103.679 1289.78
44 2.03767 73.5361 131.37
2658 -210.12 73.127 918.808
2403 395.844 -247.393 2532.89
1155 -642.548 -68.4196 1436.56
2660 -433.624 58.8629 861.154
303 -239.925 -91.661 1193.98
2404 -44.9998 -155.726 1763.85
2661 -443.691 56.2853 840.923
1157 -637.217 -3.7779 1309.26
305 -43.4726 -37.0955 1189.78
1158 307.619 -54.9956 997.52
306 -94.5768 -27.4094 1667.28
1159 -516.38 30.3699 1022.13
307 -33.1272 -33.7007 1147.01
2408 83.3807 -117.026 1602.62
2665 234.002 -82.1754 1543.33
593 206.271 -444.648 3147.03
2409 297.165 -112.991 986.023
52 -94.954 177.562 145.873
2666 -145.628 -80.0018 1231.57
2410 -127.854 -27.8948 1648.94
3667 1739.52 -285.529 2869.9
3675 348.895 -360.415 2897.61
3681 45.9311 80.5887 1047.12
3684 245.175 129.682 61.521
3691 -109.345 -208.493 3060.89
3711 261.972 125.959 57.138
3751 252.522 124.94 54.1919
3764 298.003 173.886 44.2397
3765 299.717 180.207 45.7029
3772 228.795 -70.5666 1509.4
3779 282.253 132.833 51.4481
3785 213.528 154.022 61.5026
3786 162.89 156.789 77.9567
3788 179.151 160.125 73.5677
3789 179.151 160.125 73.5677
3790 205.524 164.559 70.3063
3791 195.51 163.96 68.7426
3792 195.51 163.96 68.7426
3793 157.748 176.341 79.8883
3795 311.322 187.126 45.0627
3802 -76.9836 70.2933 1045.27
3805 170.616 139.917 79.2625
3806 270.426 144.027 47.5617
3808 296.322 149.823 41.9878
3809 175.761 177.381 73.572
3812 75.0464 -394.951 3968.61
3818 375.163 165.648 683.769
3819 -34.9542 39.8706 151.166
3820 263.33 102.466 52.0717
3822 175.986 124.607 65.0926
3823 196.112 149.681 73.8022
3827 1701.89 -206.326 2787.52
3830 222.362 120.098 56.005
3831 209.6 130.159 66.9439
3833 206.336 159.721 69.1733
3836 255.424 128.085 47.281
3839 298.066 176.028 43.1038
3841 273.467 113.833 47.7965
3846 290.984 167.437 46.3744
3849 -24.6725 52.322 649.946
3852 -86.9251 68.7663 1121.6
3853 355.716 -269.509 567.373
3854 152.456 118.27 85.7955
3855 -55.8524 -268.921 515.411
3858 279.506 -25.2058 1101.53
3860 327.028 -66.6485 1014.68
3862 -169.165 55.8574 1099.57
3864 -1.29597 -440.76 3110.99
3865 46.141 59.7631 133.438
3867 -207.181 -86.7501 1178.1
3870 148.486 -454.465 3163.29
3871 195.107 -594.399 4501.1
3874 887.353 -281.643 2736.14
3875 -660.663 -245.544 2819.74
3877 865.444 -164.731 2736.86
3880 -3.1381 -30.4622 1118.34
3885 200.289 2.18601 1969.53
3887 413.296 75.6631 3601.19
3892 -492.517 -722.986 3926.04
3894 288.65 -682.048 4095.96
3900 -144.775 -29.872 1170.09
3914 303.692 171.929 42.3453
3916 216.935 239.935 62.5216
3917 216.935 239.935 62.5216
3918 215.24 241.34 63.1997
3919 -345.174 -813.655 3936.22
3926 134.94 -76.4641 1130.03
3927 199.489 -36.8031 1042.41
3929 -132.442 -9.70525 1616.33
3933 85.3524 70.2864 135.424
3934 282.842 129.777 48.8632
3939 177.716 193.773 75.2998
3940 303.019 191.984 44.5578
3949 -308.839 -805.395 3907.25
3950 -308.839 -805.395 3907.25
3956 -433.291 -719.397 3870.16
3967 274.065 132.375 50.9147
3970 310.967 139.783 41.297
3971 209.654 171.54 63.0913
3976 -156.455 -789.148 3923.27
3978 -72.1105 -768.002 4030.1
3984 267.02 5.25478 1156.42
3985 278.539 104.948 38.2397
3987 317.107 130.618 40.5103
3991 297.154 192.427 43.9206
3992 304.619 195.144 41.9476
3993 204.688 201.138 65.0302
3996 127.438 255.444 86.4437
3998 -399.468 -788.53 3905.16
4000 209.875 -522.329 3104.73
4005 417.346 145.854 399.869
4009 214.179 183.511 66.0486
4010 195.513 209.729 69.235
4013 193.593 215.049 70.1239
4015 217.93 241.797 62.528
4024 206.841 218.636 66.1804
4027 187.978 243.068 70.8385
4029 1466.04 89.2364 2543.48
4046 309.513 149.67 42.8799
4052 405.766 39.0385 725.035
4057 -765.009 -210.585 2604.31
4058 -173.401 -184.013 1465.39
4059 -239.278 -171.294 1373.45
4060 -240.114 -171.448 1383.57
4061 -617.414 -164.651 2478.44
4062 879.938 -313.84 2709.45
4064 -474.368 -56.5794 1274.08
4067 -787.16 -588.046 3311.16
4071 118.124 -464.349 3231.69
4074 -638.664 -225.19 2732.64
4075 -184.952 -125.273 1392.03
4082 882.729 -328.253 2731.63
4085 859.283 -274.782 2776.03
4086 869.528 -263.586 2735.55
4088 82.2833 -131.676 1674.83
4090 855.319 -161.689 2751.32
4092 358.612 47.0718 2217.44
4099 -218.739 -443.513 2882.55
4103 -270.85 38.1705 773.6
4110 -280.142 51.1962 765.187
4112 -47.8383 80.2296 142.414
4115 626.003 -237.594 1827.42
4121 -289.625 46.2124 771.521
4124 -301.236 86.3713 770.331
4130 391.449 186.805 772.402
4131 -99.6463 50.4204 153.268
4134 52.0083 -14.3238 1147.59
4136 291.706 -28.2375 977.781
4137 -56.6467 69.4063 146.209
4139 -110.578 66.4895 1002.14
4144 -118.828 69.8664 1099.3
4145 312.215 -104.403 1318.37
4149 125.901 -82.3591 951.648
4151 804.842 -438.002 3056.73
4152 1573.06 -383.8 2830.59
4163 1663.24 -271.275 2822.08
4168 172.444 -9.17661 957.267
4170 1662.03 -57.6543 2850.08
4172 80.2925 86.2338 108.932
4173 126.891 104.515 145.394
4178 1539.03 -381.293 2819.09
4181 1554.26 -307.106 2850.88
4185 368.574 4.07669 710.621
4187 1573.25 42.8377 2724.56
4192 77.5216 85.5208 109.947
4193 366.097 129.175 415.733
4194 128.863 240.437 91.3855
4196 190.769 234.212 69.8762
4197 215.496 230.556 60.5871
4199 142.359 -658.566 3986.82
4205 1518.68 -367.486 2899.18
4206 1572.83 -341.136 2885.81
4209 1665.5 -159.5 2801.78
4214 243.585 2.62845 1289.66
4216 299.808 29.0346 697.264
4219 393.651 160.4 725.604
4223 799.986 -402.329 3101.13
4224 1518.5 -350.644 2857.78
4228 286.976 59.8194 728.176
4233 278.953 214.015 44.1025
4240 1525.37 9.62394 2802
4590 1697.13 -448.272 3000.64
4603 1527.32 -8.31107 2742.78
4616 1667.08 -1315.34 3593.88
4618 1472.41 -498.317 3026.86
4619 1236.64 -394.923 2734.78
4620 1337.15 -342.14 2772.7
4621 1232.25 -305.313 2630.99
4623 1495.27 -291.169 2770.16
4629 342.862 60.8952 719.827
4652 1413.37 -282.62 2713.73
4653 333.332 -11.0002 754.666
4655 1345.22 -357.848 2766.24
4656 1459.74 -341.92 2822.74
4657 1560.41 -137.02 2791.43
4658 1567.26 -136.943 2807.76
4659 49.874 110.334 1003.55
4662 296.843 -4.43684 1015.66
4665 1073.03 -41.7131 2925.96
4667 127.525 -81.4049 758.718
4669 304.387 51.7883 2218.82
4670 174.12 129.803 1024.93
4675 1287.88 -362.152 2765.45
4677 1638.49 -271.814 2916.5
4682 1282.51 -288.032 2631.1
4683 1548.92 -288.945 2821.4
4685 1532.34 58.671 2598.56
4690 911.934 -1290.99 4031.95
4701 1508.56 -392.011 2854
4702 1650.5 -361.918 2737.24
4704 1392.4 -324.166 2661.04
4708 920.538 -68.6323 3184.79
4712 192.32 -13.1159 1115.79
3605 -199.183 56.1591 942.055
4717 -462.579 -1301.07 3843.49
3610 28.6409 149.844 965.115
3611 -41.1827 37.689 151.396
4805 -60.1163 104.285 649.329
4264 1725.65 -439.386 2991.01
3697 889.684 -108.14 2578.22
3705 454.405 167.017 463.41
4814 803.011 -132.465 3042.54
3706 86.244 86.4342 103.865
4815 -46.4109 72.3334 1144.24
4275 1578.14 -197.321 2809.38
3708 98.1986 89.5203 103.391
4817 945.016 -1552.27 3860.01
4276 1486.85 38.9718 2645.01
4818 1462.76 -1391.58 4111.02
4278 242.864 215.16 56.1836
4280 1632.55 -235.594 2785.39
4822 776.02 -176.202 3032.11
4281 1531.34 -80.005 2805.62
4824 774.493 -167.718 3104.29
4283 147.23 195.694 81.1247
3720 160.66 178.731 76.3728
4829 1576.78 -21.1299 2779.11
4573 463.563 29.8156 644.859
3721 304.728 182.093 43.5078
4289 175.737 105.907 -67.3149
4831 277.739 37.4556 2156.87
4291 144.459 107.656 808.201
4833 -32.1622 91.0486 632.824
4577 91.0418 -150.559 1641.95
4293 -94.4745 -705.401 4122.88
4578 1699.08 -310.898 2942.54
4835 644.025 -1399.01 4016.33
4579 1691.7 -458.328 3004.01
3727 293.215 189.024 45.6012
3693 308.042 -118.077 1011.93
4320 166.703 139.46 77.5507
4734 1336.67 -1510.63 3956.01
3626 -279.052 72.4358 752.748
4606 1383.66 -592.289 3079.83
4863 357.433 210.858 895.636
3627 363.738 107.136 470.494
4807 98.5621 -590.962 1201.32
3757 302.724 151.684 40.56
3699 1657.08 -38.1034 2848.58
4808 1042.74 -1337.03 3886.17
3758 302.724 151.684 40.56
4867 79.3345 93.2798 1098.99
153 -81.4715 179.638 148.419
4740 71.2286 -273.517 503.137
4581 1527.1 -355.84 2816.41
4838 29.3276 -249.055 560.392
4297 -312.219 -460.93 2916.77
3759 224.182 153.925 65.9253
4741 1435.33 -458.58 2956.08
4582 1529.5 -352.013 2842
3730 130.01 -256.162 518.844
4839 -29.6693 -154.573 1631.23
4856 1748.13 -1273.23 4318.41
142 -104.983 -0.294069 1664.66
4729 418.772 -150.656 1253.9
4810 -247.902 -170.856 1573.62
3760 308.77 161.532 41.1386
4869 -110.306 -162.9 1671.77
4742 1682.97 -360.575 2854.76
4299 798.531 -440.764 3110.9
4857 475.35 52.5588 661.189
4316 97.9332 89.3303 102.784
3621 -444.816 -99.956 1637.33
3761 308.607 161.454 40.8422
2513 349.858 -540.058 3759.59
4329 -101.16 -17.5514 1672.46
4841 1574.88 -4.28996 2793.96
4858 341.978 214.569 930.748
144 -96.9746 6.09877 1658.12
4317 96.5502 112.231 199.784
4731 1419.58 0.472332 3968.62
3703 293.201 -9.00963 1070.89
4271 249.144 221.326 53.9325
157 28.8491 -248.957 558.605
4744 551.342 -189.705 2327.11
3733 316.108 -346.493 2759.68
4842 22.7058 29.503 834.146
128 -89.5375 1.0301 1676.68
3763 159.792 173.337 78.9954
2515 212.987 -178.771 563.972
4855 -21.0954 47.5045 667.327
2498 136.066 103.332 91.3156
4728 1384.52 -261.099 2553.08
4597 1276.53 -278.582 2614.75
139 265.836 -378.49 2939.36
4726 1234.08 -305.392 2635.43
4852 985.963 -1370.59 3797.22
3616 354.106 107.062 722.847
4725 1407.07 -492.17 2892.81
3742 147.116 28.8562 1734.75
4310 -126.178 -15.19 1649.55
3741 57.3069 -32.581 1250.51
4850 344.692 26.109 743.78
3740 304.805 -45.8951 1016.92
4308 767.187 -235.991 3154.89
3613 403.036 -213.562 2682.29
2491 -286.696 99.9879 815.276
4588 295.925 -35.4628 1031.8
4304 775.022 -220.324 3150.06
4587 291.473 -43.1144 928.224
4303 34.5547 -141.698 1993.39
3689 1052.99 -387.252 2931.66
3688 -470.11 -674.344 3658.12
4797 1263.91 -42.6812 2984.18
4256 172.399 209.968 75.2685
3687 294.554 188.036 45.553
4796 158.157 -270.514 529.389
4255 200.096 205.379 68.1858
4795 1196.66 -285.845 2660.4
4254 199.303 193.863 68.644
4794 -220.345 -1394.66 3844.01
4253 206.228 159.359 67.8302
4250 257.338 235.446 49.6101
3680 307.439 -112.8 941.516
4789 -393.789 -1278.56 3901.22
4248 228.261 226.929 57.2841
3679 1635.89 -130.781 2804.05
4247 228.261 226.929 57.2841
3669 -9.63799 -161.851 2362.38
2416 -150.877 -9.34698 1274.41
4772 -304.014 -1432.37 3761.75
58 -15.7705 65.7862 135.837
3661 271.48 -58.5233 936.907
4770 230.952 -37.7573 1097.81
56 -13.1712 58.6365 136.468
2413 964.63 -132.645 2699.39
2412 296.591 -92.3789 982.041
4764 941.45 -1273.68 3984.09
3651 -19.0664 66.4734 135.452
4760 1397.32 -1515.73 4087.26
3650 408.632 5.17452 725.356
3649 10.171 71.0111 128.686
4758 1390.42 -1499.4 3947.78
4756 -88.9884 -1450.93 3803.26
3644 33.0616 -271.21 543.943
3643 380.585 183.211 752.689
4751 206.815 -13.0359 1149.62
4748 302.567 -22.371 2476.88
4568 -393.567 -118.311 1523.66
4567 294.345 -36.0273 1023.97
4563 7.00565 89.6297 575.383
4560 35.1021 -32.6656 1182.41
4558 -55.3965 120.367 659.333
4556 -33.6837 107.599 628.985
4555 92.9207 67.8355 540.89
4553 896.208 -191.828 2605.53
4549 -12.8135 93.7057 616.339
4546 906.186 -96.5393 2704.5
4541 229.618 -1422.22 3893.06
4537 -170.322 36.5194 827.748
4536 -178.979 51.8356 1114.56
4532 1601.04 -1316.73 4316.1
4529 1622.46 -1456.83 4278.29
4526 59.7577 -1422.99 3838.33
4525 -38.5694 -407.481 422.412
4508 1466.03 -1276.43 4127.86
4505 509.913 -1389.32 3970.81
4500 357.376 -1388.99 3985.03
4497 306.096 63.1074 746.751
4495 44.2416 102.997 998.594
4487 846.999 -114.236 2732.95
4486 284.188 -116.094 1105.73
4480 850.112 -199.928 2843.76
4479 884.943 -257.67 2868.44
4474 1675.48 -1298.88 4324.49
4473 1538.31 -1302.38 4180.15
4472 1444.45 -1321.95 4103.33
4469 -112.368 -1465.32 3799.36
4468 7.87917 17.3844 660.818
4467 -72.8538 70.6165 997.982
4464 282.937 -17.9908 1066.57
4458 855.712 -80.3029 2742.94
4456 831.847 -129.117 2909.35
4453 882.914 -160.805 2650.18
4452 887.412 -160.756 2667.3
4450 857.336 -202.363 2752.68
4449 863.643 -219.257 2785.75
4447 852.415 -270.111 2815.38
4445 415.077 -213.747 670.343
4444 1431.51 -368.049 2852.52
4439 -396.522 -1467.27 3705.15
4438 273.496 203.855 1024.8
4437 -160.255 171.696 797.777
4436 135.831 103.575 829.674
4435 365.179 14.8991 705.525
4434 -24.5075 71.1668 1105.3
4433 -40.4381 74.2171 1126.2
4432 -49.7012 74.5505 1130.71
4429 851.185 -73.234 2679.25
4428 842.907 -73.9159 2648.1
4427 891.16 -85.8677 2739.08
4425 866.151 -126.875 2740.28
4424 875.101 -136.907 2634.11
4419 845.601 -246.641 2805.3
4415 -312.13 -177.594 1853.49
4412 -461.459 -218.829 2855.26
4411 -549.858 -266.016 2901.37
4409 944.381 -1367.4 3808.44
4403 307.158 -109.178 1016.41
4398 851.89 -118.379 2840.77
4396 851.324 -140.836 2804.19
4394 877.992 -172.634 2746.28
4393 856.886 -177.613 2848.04
4392 812.429 -177.484 2998.72
4384 -83.0612 -210.943 3072.55
4382 -650.026 -261.63 2930.07
4380 471.265 -9.54624 643.162
4379 619.557 -220.222 2881.42
4378 -203.687 -1146.11 6071.6
4373 360.556 131.462 464.464
4369 386.981 121.595 505.639
4366 928.446 203.9 1579.36
4360 1751.08 -289.463 2922.44
4359 1531.41 -316.94 2842.07
4358 -570.699 -549.153 3931.67
4357 63.2445 -693.581 3369.36
4353 1154.19 -391.58 2674.67
4344 5.10377 43.8257 718.592
4340 1156.21 -367.545 2704.54
4335 203.619 -160.543 581.312
4286 59.3399 81.2121 112.572
4249 123.167 247.499 81.4473
4243 178.407 207.819 77.371
4242 202.301 198.497 67.9601
3592 -209.439 54.5643 1016.55
3590 -22.6465 80.1098 1097.79
3589 -39.2794 75.0426 1136.1
3587 -258.55 -138.658 1389.13
3581 -145.676 168.519 815.262
3579 74.389 88.2631 1020.88
3576 409.695 -1.97111 812.663
1219 -315.884 -99.1985 1555.36
3574 390.555 -76.7662 1344
3571 -572.839 -255.338 2829.24
3568 51.9984 74.2421 120.775
3563 382.17 -119.387 544.947
3562 94.1847 89.208 137.319
3560 342.852 -100.429 1122.43
3557 -707.71 -215.799 2639.16
3556 404.37 -8.18514 793.87
3550 71.0801 -31.4794 1141.12
3549 -94.7981 72.2174 1115.18
3543 -310.126 117.879 844.34
3540 154.744 -237.297 500.201
3535 -323.246 109.241 877.661
3534 -282.4 88.6076 773.113
3533 143.068 83.5334 771.337
3529 456.188 144.347 668.674
1166 -252.6 58.7395 961.061
1164 -267.866 54.9747 1094.19
3518 -262.269 65.1683 1098.4
3516 861.481 -74.8168 2532.41
3513 225.358 -406.996 514.034
3511 -2.27845 83.1342 615.043
3510 125.679 96.9204 765.693
3508 -202.971 61.9423 1018.56
3502 20.1635 -148.847 1655.02
3501 -38.0296 -170.447 1050.79
3500 193.709 -151.967 588.456
3496 28.8139 -248.68 556.667
3495 -191.937 -268.14 481.527
3491 -44.7249 117.158 660.805
3490 -41.5249 106.982 682.668
3484 -241.944 131.173 1564.61
3483 -120.431 67.0429 1122.44
3481 250.1 -36.2405 780.654
3480 304.869 -5.05247 1149.83
3468 1580.39 -31.5316 2805.23
3467 1612.06 -99.3274 2761.67
3466 888.312 -171.357 2630.27
1107 -344.247 47.9728 901.651
3461 182.266 169.258 1015.48
3460 -150.817 69.5148 1102.25
1102 -634.252 -5.16386 1245.77
1099 -677.359 -97.921 1406.14
3454 -184.474 -76.4586 1218.96
1097 -585.373 -257.067 2950.01
3447 -725.243 -253.717 2869.88
3445 1572.71 -14.7858 2800.32
3442 106.229 -195.043 3135.09
3441 386.097 -175.158 2470
3440 1597 -91.9197 2764.57
3439 213.797 -193.016 540.553
3438 -126.081 66.9246 1112.93
3437 -232.653 -88.689 1187.56
3435 -606.878 -104.442 2192.83
3429 -197.32 -183.727 2116.39
1072 289.902 41.316 701.881
3426 899.586 -194.52 2650.34
3425 916.01 -212.646 2627.31
1068 -65.1263 86.2266 150.409
3418 -323.601 117.377 1346.73
3417 163.62 27.2067 1597.31
3416 -284.282 -102.004 1251.75
1058 141.308 95.9274 91.606
3414 134.678 102.544 90.1266
1057 342.36 119.728 493.861
3413 147.055 -245.787 534.623
1056 287.704 49.7447 721.334
3412 -126.727 -263.254 510.242
3407 -109.83 67.6184 1119.11
1049 172.912 107.891 83.1386
3404 -253.614 60.2889 923.141
1047 130.356 109.152 98.4651
3403 288.829 -228.022 618.137
3402 297.87 14.8643 744.467
3401 9.87578 69.309 128.868
3400 -33.5526 64.3847 141.142
1043 161.695 203.251 79.7195
1042 -165.682 227.546 173.172
3397 323.66 180.08 707.274
1039 201.848 142.724 68.7812
1037 182.632 118.32 71.88
3393 94.8474 84.8775 1392.21
1036 137.299 112.576 90.8386
3389 -294.539 -119.655 1347.79
3387 190.392 110.501 69.659
1028 -210.176 57.4232 957.314
3384 -7.17157 64.172 663.96
3382 -287.257 22.6284 758.38
1024 156.355 208.403 77.3574
1023 -104.238 158.117 153.809
3376 261.242 127.814 1241.02
3373 343.089 -20.7366 772.504
1015 437.287 114.673 630.154
1014 437.287 114.673 630.154
1012 -159.427 61.061 982.053
1011 -183.445 58.9219 969.774
1007 367.998 35.0929 2268.88
1005 203.098 -152.038 604.501
3361 465.619 -240.031 607.353
1004 157.837 213.28 74.919
1003 136.753 217.471 85.374
999 215.719 157.879 63.1418
3355 -295.821 64.5914 761.367
3353 -288.444 65.503 803.33
995 176.212 128.107 77.9835
3349 -183.045 61.8635 964.74
991 169.859 123.299 77.1876
987 343.094 122.811 471.913
985 -291.213 172.048 682.631
3340 -333.409 -95.374 1375.84
3337 -287.208 -183.246 1543.07
980 -69.575 49.1582 148.491
971 -134.834 65.8629 1119.01
969 356.083 25.3198 2296.05
3324 -48.192 71.4009 1005.48
967 197.037 -154.978 602.556
3323 -24.1518 75.0026 1025.35
966 191.117 -168.134 592.774
3317 299.213 -84.4907 1079.62
960 153.271 212.513 76.2005
3315 59.7596 -136.545 2230.32
3313 4.35856 -162.917 1204.69
954 150.306 198.484 86.1268
952 -75.956 167.753 147.366
3306 -36.9943 65.5531 141.31
949 167.252 129.203 91.2956
946 -224.487 208.377 521.707
3301 -245.95 59.6541 1048.59
940 320.101 60.6084 769.485
3292 279.107 38.9021 734.367
934 355.922 -12.161 787.019
932 -96.0031 -10.7893 1678.91
930 -308.788 -121.423 1278.39
3286 -197.572 -89.4553 1203.23
926 217.572 -158.006 604.707
924 227.58 -163.756 597.608
3279 -63.8699 -160.61 1466.54
3277 154.47 -158.723 3029.14
3275 -20.2405 -193.406 3048.05
918 152.538 210.398 77.5456
917 190.735 180.196 69.4666
3273 203.415 -161.733 588.417
916 157.904 173.424 78.3666
914 164.576 156.273 76.7104
912 -84.5556 155.42 144.945
3268 166.609 113.941 83.3829
911 -85.3607 154.878 148.681
903 -2.71889 68.1044 131.778
3259 -299.286 58.1116 1080.8
902 -2.47519 68.1578 132.24
897 337.791 63.5264 706.127
891 -316.693 -107.972 1265.2
3247 280.5 -50.131 1087.29
3243 348.037 -71.6695 1146.94
3242 1584.58 56.34 2771
884 -748.964 -582.371 3272.52
3237 385.574 -156.675 2356.26
3236 909.566 -119.303 2640.35
879 85.295 89.1682 120.434
3235 711.9 -137.951 1960.93
877 75.8839 85.0829 110.508
876 45.8372 79.3916 120.87
875 46.282 79.9302 123.3
3229 163.977 100.679 83.844
3228 125.411 95.165 94.1126
868 -115.718 -19.9587 1659.86
3223 -62.4233 121.454 636.91
3221 -71.4421 70.1917 1044.78
864 -948.197 -273.006 3836.85
3219 -54.1486 74.3819 1105.24
3218 -88.7243 21.6375 795.605
3217 407.634 11.9342 823.031
860 176.993 178.538 76.3508
3213 -248.567 -170.68 1588.17
3209 899.505 -230.033 2559.33
852 -56.1461 197.669 148.081
3208 106.166 91.0389 100.314
3207 90.5448 87.5941 104.652
848 131.294 138.598 93.3272
3202 200.763 148.023 1018.77
3201 217.543 -40.8986 1238.63
3199 378.746 -5.46671 2402.54
3198 143.282 95.4494 823.848
3194 -65.6007 83.4216 139.72
837 -806.629 -310.576 2956.37
3193 -109.999 66.9016 1110.38
836 -114.956 216.778 136.74
835 -108.571 158.207 162.876
3190 -98.0057 128.692 147.373
829 -441.017 11.323 854.73
825 -74.6665 149.981 147.21
824 -292.196 245.03 380.176
3180 178.718 138.553 74.1547
822 -258.303 209.847 487.65
3178 -94.8571 -10.2446 1638.12
821 -293.761 167.473 739.317
3177 209.559 129.913 66.5666
820 -381.489 160.807 653.592
3176 -32.9847 61.5728 139.978
3175 251.587 156.587 1145.64
3169 331.059 -12.445 754.347
3168 -137.647 -262.322 487.817
809 -69.6714 206.69 143.882
3162 168.672 112.266 77.6124
805 -63.1473 106.036 145.86
3161 56.4485 49.2275 28.3669
802 -229.882 210.366 517.047
3154 201.97 -38.7691 967.617
797 -68.2419 56.9429 151.755
3153 -271.061 -96.0929 1354.73
796 -374.358 169.722 653.298
795 -351.101 162.621 709.672
3150 58.9476 -292.445 495.985
3149 270.614 144.251 48.0529
792 -299.283 123.064 743.779
3148 -67.5923 119.511 148.839
791 -344.595 130.663 773.343
3146 269.862 130.354 48.2438
3143 265.776 102.317 74.5265
3142 -157.701 146.081 737.559
785 -409.612 112.401 833.045
784 -102.779 74.9817 977.761
3140 -79.9871 61.8162 998.319
3138 -300.567 -92.2958 1444.08
3136 964.197 -8.99978 2856.66
3134 441.567 -261.166 591.893
777 148.92 -234.883 560.935
3133 348.29 -269.645 565.413
775 -85.8542 181.081 148.233
3130 143.511 115.969 88.837
773 -84.5091 161.38 145.289
3129 134.534 102.626 90.7652
3127 51.021 104.122 281.398
3125 258.683 167.731 1089.12
3123 -169.066 64.2361 1111.21
765 23.632 74.0247 124.035
3119 303.642 -28.6937 1020.74
762 -75.0196 54.2955 152.827
761 -394.199 167.677 662.761
3117 275.92 -57.6744 1083.58
759 -302.981 163.665 744.532
753 331.82 60.9773 735.445
3109 130.417 -257.278 522.714
3106 265.152 131.661 50.7734
749 -392.628 111.532 808.092
3105 277.953 132.158 47.1872
745 -393.906 64.1474 831.294
3101 -52.6866 76.0054 1153.48
3099 418.319 9.65219 720.347
742 548.494 -299.366 2855.64
3097 -33.5868 -34.38 1153.33
3093 316.189 -114.314 980.367
3092 43.3618 -193.417 3105.03
3091 961.522 -117.136 2697.58
733 155.418 190.796 77.0087
732 155.418 190.796 77.0087
3087 106.199 91.0658 100.566
3086 47.1548 78.8612 117.391
3085 -127.135 -2.65832 1670.53
3080 -288.969 -175.634 1784.92
3079 501.793 -390.278 3337.16
722 -75.7531 122.725 142.913
3078 508.334 -443.045 3322.33
3077 -35.7575 60.5478 140.833
720 -69.4754 111.012 144.233
3074 883.928 -89.3064 2667.63
3072 506.126 -452.365 3393.73
714 -299.241 174.096 729.398
708 -344.098 148.406 757.167
3059 380.184 114.881 755.379
3057 34.5629 -260.818 541.581
699 -358.956 61.1518 857.484
697 -94.8306 -37.207 1663.99
696 205.969 -157.578 606.402
3048 -28.6009 73.2654 972.85
3047 336.304 -0.854892 764.36
3045 116.199 -259.503 530.451
3044 131.444 139.053 93.8742
3036 134.539 129.401 91.51
3032 -142.957 -13.4135 1337.49
3031 -146.5 -42.0582 1296.24
3030 23.3515 -254.077 545.37
673 349.579 -12.745 770.321
3028 476.486 -279.166 593.393
3025 261.113 135.556 53.2424
3019 6.49268 51.1762 157.127
3017 -295.33 52.6675 940.128
660 558.694 -411.055 3132.35
3016 299.403 65.0421 727.752
3014 314.57 8.49957 767.338
657 -84.9546 -432.92 2923.03
655 -331.057 -458.805 2888.49
3011 399.334 -225.813 2386.82
654 -380.293 -498.931 3205.99
3008 363.564 -271.451 585.946
3007 208.728 139.893 70.1623
3004 264.799 124.901 55.3223
645 -223.985 205.003 526.54
2998 -233.115 31.6221 759.075
2992 78.1709 -31.4298 1144.79
2989 68.9377 -276.713 511.232
2988 -100.003 -310.589 434.415
2987 -106.657 -310.99 432.952
2986 251.249 140.01 52.7089
2983 183.002 132.187 76.6932
2982 161.688 127.916 82.35
624 -177.606 -77.255 1228.76
2980 140.832 124.804 87.8783
2976 269.636 112.134 51.4307
2975 -224.731 206.778 517.985
2967 37.4338 94.7091 976.19
2963 -95.5093 -13.5676 1649.85
2960 -301.145 -135.93 1398.34
2957 955.867 -171.685 2632.27
600 814.347 -245.584 1951.44
2956 225.128 -394.021 3099.91
599 -416.199 -110.489 1484.53
2954 513.601 -420.658 3274.02
2953 28.8399 -248.825 557.796
2951 449.628 -261.301 595.825
2950 131.22 -265.396 524.532
2941 194.118 114.768 69.1908
2933 347.398 61.7177 719.567
2932 328.087 -4.70389 763.548
2930 -304.69 -128.949 1296.27
2926 932.025 -79.2951 2619.21
2921 -27.1226 -166.837 2908.61
2918 66.0119 -175.389 3018.42
2916 1590.1 -71.8993 2752.83
2914 56.5582 -185.939 3073.78
2901 166.903 139.126 78.1679
2898 231.116 136.899 64.0063
2897 226.13 132.285 66.0087
2895 185.472 131.183 76.725
2893 215.744 119.544 64.4987
2892 173.274 108.713 77.2333
2890 -222.967 210.46 514.532
2887 159.645 66.2234 801.465
2883 343.614 24.0242 697.056
2881 85.2032 -27.5787 1142.99
2872 964.296 -315.094 2584.16
2858 961.301 -300.634 2582.34
2852 1021.34 -63.4508 2723.57
2842 500.727 -399.467 3331.75
2840 169.193 -600.118 4597.36
2837 237.811 -109.46 759.769
2834 -153.577 166.887 823.882
2831 -260.256 -104.28 1255.78
2829 -247.613 71.5859 917.954
2822 -151.612 -308.689 437.15
2817 38.9297 -32.3325 1146.2
2815 -67.8598 99.1548 151.101
2807 -279.139 142.934 731.05
2803 -387.049 146.476 640.479
2802 -31.3352 113.564 690.525
2801 306.377 193.168 999.04
2800 -494.06 45.6617 1025.52
2799 -419.564 46.0925 1027.13
2797 -10.5989 75.9892 1033.1
2796 -416.733 -52.0578 1615.57
2786 502.763 -166.461 2175.83
2783 -84.7999 199.091 813.273
2780 13.0725 78.259 586.953
2777 -412.334 48.8923 1042.74
2775 -72.869 71.0116 1004.3
2772 -24.4339 73.7529 1018.3
2765 -172.939 -127.207 1402.64
2762 210.751 -276.253 3783.18
2759 -26.534 -289.344 472.796
1093 458.54 -573.814 3473.48
1066 -103.887 166.247 151.259
1053 160.303 206.775 74.342
1041 -93.2036 187.772 138.905
1021 -97.9352 129.709 151.155
1010 375.923 42.8992 2209.35
963 317.881 -224.486 651.727
959 151.748 213.195 79.7036
941 320.101 60.6084 769.485
937 -101.524 70.0284 1044.04
936 -165.023 63.2529 967.505
898 -36.3427 61.6129 143.469
893 400.293 -6.62915 746.001
888 278.56 -379.035 2923.23
839 -400.228 55.0313 1117.79
817 -229.844 63.2879 935.019
774 -111.688 174.126 131.149
767 -61.3088 92.6805 145.831
727 154.328 117.017 87.0497
698 -420.006 39.6431 1066.55
686 -90.7172 184.321 150.704
682 -301.429 228.216 369.326
681 -70.1726 128.834 154.015
643 7.06924 76.5155 171.928
642 -146.553 167.645 766.381
2637 -97.3691 68.5438 988.949
257 541.034 -463.306 3170.66
2614 -498.935 27.7434 981.197
253 -123.958 -12.5336 1696.71
2608 -2.31846 74.9727 1091.62
248 -287.02 -173.123 1587.48
247 549.024 -352.933 3090.36
2604 -622.08 -7.71966 1285.56
243 -393.75 -727.383 4068.15
231 -58.9999 -7.98819 1638.7
229 -99.5204 -149.468 1602.31
2586 -373.937 52.4981 1116.44
228 -0.391163 -742.836 4027.37
224 -168.358 55.1315 1187.71
221 109.526 -243.867 561.365
216 74.0516 -672.589 3999.57
211 -11.3012 66.6515 133.915
206 -279.646 52.8613 1088.35
2563 -134.952 -83.1652 1286.32
200 -72.1908 95.0371 150.453
197 -27.8699 66.5194 138.768
2550 -43.9947 -694.975 4005.37
190 -705.505 -754.597 3821.2
2547 -430.307 42.3551 1074.03
186 -75.864 167.4 146.723
2543 338.476 6.41923 723.45
2532 -148.81 24.0873 1237.02
167 -83.8312 63.7377 1154.17
166 -116.898 -5.52583 1674.25
2523 -64.7577 78.4782 151.93
2521 -280.346 144.539 736.701
162 -59.9276 -688.338 4005.15
161 -60.7522 -684.728 4015.25
159 -377.624 -766.527 3929.03
146 -201.232 59.8916 960.262
2486 -1265.16 -279.435 3814.52
2673 -287.444 50.8336 968.93
1168 -65.8895 68.9633 984.407
2671 -59.4464 72.7371 1023.2
