# COLMAP_ID X Y Z
252 -0.969019 5.22803 209.472
251 -0.963814 5.23323 209.466
249 2.09717 0.550614 145.393
248 -1.38219 5.31201 209.915
245 2.22408 -0.906019 144.919
244 0.943579 0.415662 185.936
243 0.894288 0.161863 183.617
242 1.85163 -0.560402 145.15
240 0.958318 0.0271905 177.282
239 2.56733 -1.44546 144.734
238 1.72288 0.365225 145.13
237 2.4182 0.0162612 144.746
236 1.88925 0.0184095 145.062
235 2.6802 -0.171098 144.547
32 3.08446 0.129021 145.086
289 6.10488 -2.6787 189.551
31 2.15414 0.152767 144.889
288 4.38092 5.60134 202.072
30 2.64938 0.123987 144.579
287 3.35001 1.02419 194.253
6 2.12819 0.119799 144.932
263 2.5432 -1.26647 144.688
3 2.68154 -0.0122424 144.585
5 2.37354 0.0722353 144.759
262 2.11905 -1.38484 145.131
259 0.599259 0.552821 187.894
2 3.51898 -1.2055 146.852
4 -0.742878 0.391975 194.978
261 2.54919 0.232381 144.648
258 1.72843 0.199369 177.64
1 2.57151 -1.49703 144.929
17 0.430221 0.763467 189.485
18 2.12927 0.289014 144.87
275 1.06357 2.85095 195.238
19 1.5105 0.344269 145.332
276 2.58993 -1.54644 144.738
20 2.24167 0.341997 144.824
277 6.91889 -2.69213 193.423
29 0.00839042 0.326039 188.352
60 3.05966 -0.461379 145.228
61 1.94344 -0.349455 145.082
62 1.95573 -0.271411 145.06
63 1.95573 -0.271411 145.06
64 2.67411 -0.252305 144.543
65 2.3833 -0.183822 144.716
66 2.68424 -0.177014 144.542
67 2.68414 -0.176855 144.536
68 2.39532 -0.107065 144.76
69 1.88154 -0.0659467 145.051
70 1.88154 -0.066266 145.058
71 1.79303 -0.265087 176.362
72 3.20908 -0.09647 145.214
73 1.79043 -0.0449206 145.25
74 1.8365 -0.24983 185.501
75 1.80661 -0.00880306 145.205
76 1.89272 0.0144364 145.029
77 1.89272 0.0144364 145.029
78 1.82933 -0.111073 181.194
79 2.52802 0.156871 144.674
80 2.23507 0.170219 144.839
81 1.8969 0.00799405 167.987
82 2.95676 0.19653 144.808
83 1.78059 0.247028 145.133
84 1.16362 0.292195 168.677
85 1.45651 0.402444 145.28
86 3.30024 0.376421 145.126
87 1.12921 0.69105 145.369
88 3.4462 -1.22192 147.613
89 1.64836 -1.02723 145.537
90 0.249181 -2.66403 194.311
91 1.87048 -0.881128 145.143
126 1.94413 0.17115 145.041
127 1.83737 0.19617 145.159
7 2.12749 0.120692 144.898
264 2.54214 -1.26694 144.704
8 -0.1697 0.486712 191.783
265 0.238972 -2.66094 193.776
10 2.18003 0.278611 184.062
267 2.61788 -0.680126 144.621
12 1.88895 0.186419 145.077
269 3.42063 -0.604567 146.639
266 2.72187 -1.26845 165.554
9 1.89893 0.137684 145.094
122 2.31811 0.0503115 144.767
13 0.44977 0.531032 185.453
270 3.14201 1.10406 199.896
123 2.97748 0.0534313 144.843
14 1.29295 0.339767 178.783
268 2.11486 -1.37883 145.006
11 1.8884 0.186994 145.044
124 1.95871 0.100074 144.992
15 1.37775 0.152203 163.891
92 2.18313 -0.850968 144.953
125 2.35712 0.107494 144.82
16 -0.0159976 0.811833 189.995
93 2.18313 -0.850968 144.953
294 1.82884 -0.830623 145.207
37 -0.224216 0.97493 195.071
117 2.74443 -0.08969 144.55
27 2.72906 0.0310182 144.545
281 3.42471 0.338397 199.209
24 2.27995 0.400695 144.85
104 2.05827 0.406757 144.919
292 3.28869 -0.475 145.23
35 1.79043 0.207046 145.318
115 0.878596 -0.115446 146.835
25 1.97555 0.460482 144.974
282 12.2583 4.93088 136.796
279 3.10738 -0.424422 145.233
22 -0.295835 -0.0195564 152.597
102 3.25707 0.313496 145.296
112 1.20961 0.674387 145.327
99 0.914596 0.507869 182.276
34 2.27953 0.191407 144.833
111 1.94742 0.584575 145.333
21 2.29527 0.351154 144.788
278 3.25646 -2.10572 195.926
98 3.31552 0.19131 145.152
33 3.36872 0.134665 145.607
110 0.931491 0.536347 145.487
28 -0.203716 0.234483 189.233
105 2.05827 0.406757 144.919
26 1.23968 0.643042 145.347
280 7.53748 -0.653806 205.812
23 1.09355 0.416267 145.439
103 3.22074 0.358461 145.176
101 1.7923 0.312742 145.118
100 2.39649 0.282444 144.744
121 0.810102 0.0746176 186.546
120 2.35892 -0.00273846 144.749
119 2.35892 -0.00273846 144.749
118 2.74443 -0.08969 144.55
116 0.878596 -0.115446 146.835
114 2.56733 -1.44546 144.734
113 1.20961 0.674387 145.327
109 -1.40155 0.176498 154.738
108 -0.467077 0.0812193 151.877
107 -0.467077 0.0812193 151.877
106 3.35919 0.380266 145.663
97 2.17492 0.186608 144.903
96 2.59194 0.108942 144.64
95 2.3993 -0.10074 144.688
94 1.73227 -0.538459 145.411
36 1.79043 0.207046 145.318
38 1.45022 0.241331 163.896
39 1.74014 0.315039 145.141
40 0.947773 0.424725 145.721
41 1.44867 0.440564 145.304
42 3.74009 0.812206 200.309
43 0.93146 0.570083 145.504
44 1.4753 0.568305 145.238
45 2.25385 -1.13827 144.959
46 2.25385 -1.13827 144.959
47 1.72674 -1.12479 145.329
48 1.72674 -1.12479 145.329
49 1.63118 -1.10954 145.518
50 2.17859 -0.935805 144.961
51 1.86676 -0.875965 145.181
52 1.86676 -0.875965 145.181
53 2.61787 -0.680305 144.624
54 1.71131 -0.575612 145.41
55 3.41872 -0.6574 146.701
56 5.00132 -1.24382 179.366
57 5.00132 -1.24382 179.366
58 1.81575 -0.511098 145.162
59 1.72213 -0.493377 145.304
128 0.869836 0.23784 172.794
129 1.25121 0.0824565 165.14
130 2.05613 0.24495 144.959
131 2.55762 0.434491 186.853
132 1.40005 0.357866 145.332
133 2.06098 0.384802 144.992
134 2.06098 0.384802 144.992
135 2.12242 0.427934 144.908
136 1.58227 0.493329 145.333
137 1.146 0.63595 145.361
138 1.28771 0.649089 145.306
139 1.09335 0.698769 145.367
140 1.09226 0.69969 145.305
141 0.0557285 -3.38671 193.208
142 2.20478 -1.17221 145.005
143 2.20437 -1.17097 144.977
144 0.136303 -2.75258 193.78
145 2.22524 -0.904863 144.928
146 2.65215 -0.724915 144.654
147 2.27574 -0.650848 144.883
148 4.52742 -1.36628 199.008
149 3.1098 -0.424304 145.267
150 2.71752 -0.222186 144.55
151 2.71835 -0.221804 144.567
152 2.34715 -0.138923 144.789
153 1.19807 -0.379072 186.573
154 2.76534 -0.0183273 144.572
155 2.70098 0.0500673 144.557
156 2.68566 0.134301 144.577
157 0.472722 0.36868 184.289
158 0.472722 0.36868 184.289
159 1.92889 0.251645 145.074
160 1.92889 0.251645 145.074
161 3.5238 0.225536 146.51
162 1.89251 0.338973 145.06
163 3.33205 0.293439 145.496
164 3.24676 0.419195 145.027
165 -0.566377 0.18762 149.446
166 1.77453 -1.0927 145.271
167 1.04004 -2.60567 194.293
168 2.27588 -0.649237 144.854
169 1.74557 -0.629095 145.308
170 1.90535 -0.302705 145.096
171 5.9317 -1.18935 202.495
172 1.9297 -0.0354749 145.03
173 1.32316 0.210514 183.094
174 1.32316 0.210514 183.094
175 2.35979 0.185296 144.787
176 3.03652 0.230269 145.027
177 2.08993 0.335292 144.944
178 3.13868 0.304548 145.357
179 3.13581 0.317781 145.027
180 2.0584 0.697354 181.893
181 1.97729 0.422514 144.983
182 1.66852 -1.17234 145.387
183 1.66676 -1.1779 145.438
184 1.69553 -0.97466 145.382
185 1.69553 -0.97466 145.382
186 4.19641 -1.37862 181.833
187 4.19641 -1.37862 181.833
188 5.22102 -1.22611 182.251
189 4.34347 -1.12984 198.443
190 2.04209 0.147731 144.929
191 2.04209 0.147731 144.929
192 2.46536 0.255056 144.697
193 1.53973 0.372528 145.263
194 2.93119 0.348467 144.694
195 3.44198 0.319619 145.605
196 1.65799 0.458541 145.149
197 1.65799 0.458541 145.149
198 -0.459334 0.228685 155.107
199 1.25253 0.565164 145.342
200 0.952032 0.710938 145.403
201 2.1965 0.25698 144.871
202 2.93219 -0.283794 144.914
203 3.39499 -0.354006 173.466
204 2.55468 -0.0385562 144.642
205 2.55604 -0.0402252 144.715
206 1.9731 -1.21984 145.264
207 2.11614 -0.143738 144.956
208 2.23426 -0.305841 150.851
209 1.2846 0.0945525 179.82
210 0.548182 0.448976 184.286
211 1.1005 0.472543 172.804
212 1.59219 0.438866 145.176
213 2.02259 0.471422 144.943
214 2.53682 -1.58901 144.689
215 1.21303 0.0457916 179.991
216 1.22459 0.37779 184.099
217 2.01206 0.222587 145.013
218 -3.14641 0.561801 165.851
219 -1.32243 0.271415 154.73
220 -0.970179 4.824 210.082
221 2.5572 -1.56456 144.754
222 2.10732 -1.4626 145.021
223 2.10732 -1.4626 145.021
225 2.18765 -0.858644 144.962
226 1.94344 -0.349455 145.082
227 2.25982 -0.339725 144.861
228 1.7979 -0.0494524 145.257
229 2.64826 0.0103581 144.549
230 1.01883 0.155082 178.533
231 2.09077 0.1191 144.883
232 0.558389 0.507436 186.793
234 1.88382 -0.793631 145.176
